闵贞莎	210101	9	8	3	0	4
余月珍	210102	9	8	2	0	5
蒋姬滢	210103	8	9	4	0	3
安函	210104	9	9	1	0	4
柯伯蓉	210105	8	8	0	0	0
于君妤	210106	8	9	5	0	3
苏瑞	210107	8	8	1	0	5
韩依伦	210108	10	8	2	0	1
余秋	210109	8	9	0	0	5
江纯瑾	210110	10	10	0	0	3
张风莲	210111	9	9	5	0	0
傅融	210112	8	9	2	0	5
屈钧寒	210113	10	8	3	0	4
胡岚策	210114	8	8	2	0	3
徐行和	210115	8	10	1	0	2
胡航纨	210116	10	8	0	0	4
汤娜妤	210117	8	8	0	0	0
闵怡	210118	9	8	1	0	2
郎晶固	210119	9	10	2	0	5
舒婵	210120	8	8	5	0	5
凌瑞言	210121	10	8	1	0	3
姚珍建	210122	9	10	1	0	5
邹珠	210123	9	10	2	0	0
霍馨惠	210124	8	8	4	0	4
朱漩菲	210125	9	8	2	0	3
蒋霄	210126	8	8	1	0	4
凤香	210127	10	8	0	0	5
史思秋	210128	9	10	0	0	0
蔡希蕊	210129	8	8	1	0	4
凤启	210130	10	8	5	0	3
史枫寒	210131	10	10	1	0	1
祁倩	210132	10	9	0	0	0
凤莲兰	210133	10	9	4	0	5
施媛巧	210134	9	8	3	0	4
娄艳鸣	210201	8	8	2	0	5
锺青秀	210202	10	8	1	0	4
时枫斌	210203	9	8	5	0	2
韩欢莉	210204	10	10	2	0	4
施建	210205	10	9	3	0	4
田铎全	210206	8	10	1	0	2
齐娅雁	210207	8	10	4	0	0
阮霭	210208	10	8	5	0	3
郑淇	210209	10	9	3	0	2
孙云	210210	8	9	5	0	5
支全	210211	10	9	3	0	2
毕秋	210212	10	10	3	0	4
金云	210213	10	9	5	0	0
卫晨涵	210214	9	9	4	0	2
梁珍奇	210215	8	8	3	0	4
尹梁瑗	210216	10	10	1	0	1
郎钧	210217	9	9	2	0	4
潘君怡	210218	8	10	2	0	3
陶若	210219	9	9	5	0	4
马欣源	210220	8	8	2	0	0
禹寒韵	210221	10	9	0	0	2
计爽珍	210222	9	8	4	0	1
田德	210223	8	10	1	0	3
尤美雄	210224	9	9	2	0	1
鲍克莉	210225	9	9	4	0	0
窦翔斌	210226	9	10	1	0	1
项妍雁	210227	9	10	2	0	1
明羽旭	210228	8	8	1	0	2
鲁滢云	210229	10	9	0	0	2
禹雨	210230	10	8	5	0	2
霍航柏	210231	8	8	5	0	3
锺媛	210232	9	10	4	0	3
董茜卿	210233	8	8	0	0	5
锺伦	210234	8	8	5	0	3
骆青娜	210235	10	10	2	0	1
禹雅	210236	8	8	3	0	5
汪怡凝	210237	9	9	4	0	3
闵韵影	210301	9	10	0	0	0
曹伯	210302	10	8	2	0	3
茅芸毓	210303	9	9	5	0	5
马影	210304	10	8	2	0	4
闵艳士	210305	10	8	4	0	0
孟珍	210306	9	10	4	0	0
祁航惠	210307	9	10	4	0	5
黄妍琬	210308	9	10	0	0	3
喻妍	210309	8	8	5	0	5
沈树洁	210310	10	9	3	0	5
章漩媛	210311	8	8	4	0	1
冯伦斌	210312	8	9	3	0	5
姜姬蕊	210313	10	8	1	0	4
倪淳媛	210314	8	9	1	0	0
梅启	210315	9	8	2	0	4
王晓惠	210316	8	9	3	0	5
杨黛嘉	210317	10	10	3	0	3
唐漩华	210318	10	8	5	0	0
严克	210319	8	8	2	0	2
尤舒莲	210320	9	10	4	0	2
董勤妤	210321	9	10	3	0	0
韦玲雪	210322	10	9	5	0	4
莫宜梦	210323	8	10	5	0	5
殷鹏茹	210324	10	9	4	0	1
袁华乐	210325	10	8	1	0	2
邬瑶	210326	9	8	0	0	4
安宁毓	210327	9	8	5	0	0
褚希怡	210328	10	10	2	0	0
成淑芝	210329	9	8	1	0	0
倪澜秀	210330	8	10	0	0	0
严兰	210331	10	8	0	0	3
狄漩月	210332	8	9	2	0	0
周珠先	210333	9	8	1	0	2
葛涵丽	210334	9	10	5	0	1
支璐	210401	10	8	4	0	0
曹琛	210402	10	8	3	0	2
彭宜晴	210403	8	8	4	0	4
莫悦	210404	10	10	4	0	4
卞铎韵	210405	8	10	0	0	1
殷娅钧	210406	9	9	1	0	4
钱翰纯	210407	9	8	2	0	2
施巧倩	210408	9	10	2	0	5
安翔媛	210409	9	9	1	0	3
黄兰育	210410	8	8	3	0	4
支伦固	210411	8	10	1	0	2
董霄乐	210412	9	9	0	0	1
田园	210413	10	10	2	0	0
董树	210414	9	9	5	0	3
梁雅勤	210415	8	8	0	0	1
苗巧枫	210416	8	9	2	0	0
宋皑柏	210417	9	10	0	0	0
华娟渊	210418	8	10	4	0	2
齐静悦	210419	10	9	1	0	3
奚素	210420	8	9	1	0	1
戴育	210421	10	8	1	0	3
闵芝	210422	8	9	5	0	3
杜艳全	210423	10	10	3	0	4
夏寒环	210424	10	10	0	0	5
管淇艺	210425	9	10	0	0	5
麻夕苑	210426	10	8	1	0	3
韩希	210427	9	10	1	0	3
夏建芸	210428	9	10	2	0	0
常妤	210429	9	10	3	0	4
韩琳妍	210430	8	9	2	0	1
潘茹建	210431	9	9	4	0	2
戴妤	210432	8	8	0	0	1
伏楠	210433	8	9	4	0	2
阮琛	210434	8	8	5	0	5
郭固瑶	210435	8	8	2	0	3
席梦美	210501	10	8	5	0	0
华雅娜	210502	8	9	1	0	5
马希荣	210503	9	10	2	0	3
芸小天	210504	9	10	3	0	1
霍奇	210505	8	8	3	0	2
熊依玲	210506	9	9	5	0	0
时鹏	210507	8	10	5	0	2
华德先	210508	8	8	2	0	2
曹榕晴	210509	8	9	2	0	0
陈霞	210510	9	10	1	0	3
茅莹榕	210511	9	9	1	0	2
陈妍	210512	10	10	0	0	4
徐荷	210513	10	8	3	0	3
锺融	210514	10	10	5	0	0
褚叶洁	210515	9	9	1	0	4
赵凝	210516	10	8	3	0	1
钱怡	210517	8	8	3	0	3
潘晶凡	210518	8	9	2	0	4
姜竹	210519	9	9	3	0	5
苗澜慧	210520	10	10	2	0	3
钱斌	210521	9	9	2	0	5
万悦悦	210522	8	9	2	0	3
危梁	210523	8	9	2	0	3
娄婉策	210524	10	9	2	0	4
范琰琦	210525	10	9	5	0	2
顾娟滢	210526	8	10	1	0	3
谈柏晓	210527	8	8	0	0	1
樊莹渊	210528	10	8	2	0	3
蒋欢琳	210529	8	8	0	0	5
廉仪思	210530	8	10	0	0	4
项娟	210531	10	10	0	0	0
施凤薇	210532	10	9	2	0	4
陶弘晶	210533	9	10	5	0	5
昌亨瑗	210534	8	8	0	0	0
虞蕊	210535	9	10	5	0	1
萧青若	210536	8	9	4	0	3
沈雪致	210537	9	10	4	0	4
湛琰华	210538	9	9	1	0	3
伍钧时	210601	9	9	1	0	2
柳怡	210602	9	9	2	0	4
汤凡士	210603	10	9	1	0	0
时琳妤	210604	8	9	3	0	2
俞彤	210605	10	10	4	0	0
孟蓉	210606	10	10	0	0	4
高梦薇	210607	10	10	2	0	3
窦悦晴	210608	8	9	3	0	4
马琳妍	210609	9	9	3	0	4
邬旭怡	210610	9	8	4	0	4
娄泽昭	210611	10	10	3	0	2
凤昭纨	210612	10	8	2	0	4
吕源昭	210613	9	8	3	0	2
茅琰依	210614	9	8	1	0	0
禹娟英	210615	9	10	0	0	4
曹奕育	210616	9	10	3	0	2
季雄姣	210617	10	9	5	0	2
于玉	210618	9	8	1	0	1
冯依育	210619	9	10	3	0	1
夏致	210620	8	9	1	0	3
杜涵之	210621	9	10	1	0	4
危雨依	210622	9	10	3	0	5
史雪梦	210623	8	10	4	0	2
喻琬	210624	9	10	0	0	5
毕谦青	210625	9	10	1	0	2
邹芳元	210626	9	10	2	0	2
雷晶月	210627	10	9	3	0	3
姚媛冰	210628	9	10	1	0	4
唐雪雁	210629	10	9	2	0	0
高泽先	210630	9	8	0	0	5
褚嫣青	210631	8	8	3	0	0
祁铭茜	210632	10	9	3	0	1
吴妤菁	210633	9	10	0	0	1
董斌	210634	9	10	1	0	5
颜昭莉	210635	10	8	1	0	3
颜霞漩	210701	10	9	4	0	4
孙韵荔	210702	10	8	1	0	2
萧宁淳	210703	9	9	2	0	0
舒柔	210704	9	8	1	0	5
郭文	210705	8	9	4	0	4
蒋建婷	210706	9	9	3	0	2
蒋维月	210707	8	9	1	0	5
薛铭倩	210708	9	10	4	0	0
齐盛涵	210709	10	10	1	0	1
庞妤琴	210710	10	9	1	0	5
顾泽鹏	210711	8	10	1	0	4
席月憧	210712	8	8	0	0	3
戚惠琬	210713	10	10	1	0	3
施致	210714	10	8	5	0	1
李泽卿	210715	9	10	3	0	1
廉琬斌	210716	9	10	5	0	3
屈泓	210717	10	8	4	0	4
阮淑渊	210718	10	10	3	0	2
孔青珍	210719	10	10	5	0	2
童秀希	210720	9	9	5	0	5
支清建	210721	10	8	1	0	0
谢希	210722	8	8	2	0	5
明允君	210723	9	9	4	0	1
董冠晶	210724	8	10	4	0	1
柏淳	210725	10	9	5	0	5
娄凝	210726	10	8	1	0	5
明晨	210727	9	8	1	0	1
袁琳	210728	8	10	2	0	0
水丽媛	210729	10	8	0	0	1
俞慧羽	210730	8	8	2	0	1
宋艳源	210731	8	10	4	0	1
危淑珊	210732	10	8	4	0	0
明子秋	210733	9	9	4	0	0
酆弘梦	210734	8	8	0	0	4
苗颖莉	210735	9	8	5	0	1
熊艳	210736	10	8	4	0	5
项玲家	210737	8	8	1	0	0
罗雪一	210801	9	10	1	0	4
邱韵	210802	8	10	3	0	1
彭彤	210803	9	9	1	0	5
狄娟羽	210804	9	9	3	0	4
卞克妍	210805	9	10	3	0	0
姜琛	210806	9	10	0	0	4
林宜子	210807	8	8	4	0	5
夏弘	210808	10	9	0	0	0
沈琛姣	210809	9	9	1	0	5
贾瑛琴	210810	10	10	4	0	3
岑君君	210811	10	10	1	0	1
许锦翰	210812	10	9	3	0	4
薛艺	210813	10	8	5	0	0
华娟	210814	10	8	1	0	1
梅炎	210815	9	9	3	0	5
狄翔盛	210816	10	10	1	0	2
蒋涵荷	210817	9	8	3	0	1
路函奇	210818	8	8	3	0	3
高悦	210819	8	9	5	0	2
施盛	210820	8	10	4	0	1
田月文	210821	8	10	0	0	3
邹钧漩	210822	10	9	1	0	1
李士怡	210823	9	10	5	0	4
苗伯	210824	8	10	4	0	5
方朗瑞	210825	10	8	5	0	0
苏姣铭	210826	8	10	3	0	1
明月淳	210827	8	9	3	0	3
胡瑶琴	210828	8	8	5	0	5
邬琴悦	210829	9	9	2	0	2
窦伊致	210830	8	10	4	0	3
支育子	210831	8	8	1	0	5
蔡芝亚	210832	9	10	1	0	2
姚筠	210833	8	9	1	0	4
江飘媛	210834	9	9	3	0	0
季颖	210835	9	10	5	0	0
安黛璐	210836	10	8	2	0	3
王佳德	210901	10	10	5	0	5
穆荣莎	210902	8	9	1	0	1
邵纯	210903	8	9	0	0	4
郑芳	210904	8	9	2	0	2
毛真莲	210905	9	8	2	0	4
林朗芸	210906	10	9	4	0	3
于雨	210907	9	10	2	0	2
郭寒航	210908	10	10	1	0	3
卢梦	210909	8	8	5	0	3
贝彤莉	210910	10	8	1	0	5
杜香	210911	8	10	0	0	4
纪琳	210912	9	10	0	0	2
麻琰欣	210913	8	8	4	0	4
傅婵	210914	10	10	5	0	0
韦云晓	210915	8	8	4	0	3
祁弘元	210916	8	8	1	0	1
曹娟蓓	210917	8	9	4	0	3
贾蓓	210918	8	8	3	0	1
许艺月	210919	8	9	1	0	2
臧钧荣	210920	10	10	1	0	0
骆月月	210921	9	10	1	0	5
鲁真寒	210922	10	8	0	0	3
戚珊	210923	8	9	2	0	5
喻苑允	210924	9	8	2	0	2
卢婕	210925	8	10	1	0	4
蓝炎筠	210926	8	9	1	0	0
万宜	210927	8	9	0	0	5
殷纯妹	210928	8	9	5	0	0
朱荔思	210929	10	10	5	0	3
窦萍倩	210930	8	9	2	0	2
舒聪	210931	9	8	4	0	1
明月惠	210932	9	8	5	0	2
常丽蓓	210933	8	10	2	0	1
汤吉	211001	10	9	1	0	5
郑茗仪	211002	10	9	5	0	0
赵伊媛	211003	10	10	0	0	0
胡惠丽	211004	8	9	4	0	4
昝莉妹	211005	9	8	5	0	5
路莎亚	211006	10	9	3	0	3
孟霄	211007	10	9	4	0	0
郝腾凝	211008	8	8	4	0	4
罗乐全	211009	8	10	5	0	4
鲁娅	211010	10	8	5	0	1
葛浩影	211011	8	8	2	0	3
湛一固	211012	10	8	5	0	5
安先蓉	211013	9	8	3	0	5
顾珍	211014	9	8	5	0	4
葛苑晓	211015	9	10	2	0	2
樊华蓉	211016	9	10	0	0	5
管珊思	211017	9	8	1	0	0
乐乐慧	211018	9	10	3	0	1
袁影	211019	9	9	3	0	0
尹晗	211020	10	9	1	0	4
孔竹莉	211021	10	10	3	0	3
常吉全	211022	8	8	0	0	1
张聪珍	211023	9	8	5	0	2
水莹谦	211024	10	9	4	0	4
邹泽	211025	10	9	1	0	1
黄黛	211026	9	9	4	0	5
颜梦爱	211027	10	8	1	0	4
柏薇欣	211028	9	8	3	0	5
穆霞霭	211029	9	10	2	0	5
管玲	211030	10	10	5	0	5
于鸣艺	211031	9	9	1	0	1
范茗允	211032	9	9	3	0	5
于婕	211033	8	10	0	0	2
和晨珍	211034	9	9	5	0	0
席霭	211035	8	8	4	0	0
霍爱娴	211036	10	10	1	0	5
娄悦爱	211037	8	8	2	0	3
陶淇妍	211038	8	8	1	0	4
华叶瑶	211101	9	10	2	0	4
奚晨	211102	10	10	1	0	0
袁淇怡	211103	9	9	3	0	5
董荣瑶	211104	9	8	2	0	5
邬叶欢	211105	9	9	0	0	5
朱秋雁	211106	8	9	4	0	4
郑弘姬	211107	9	10	0	0	3
杨锦荣	211108	9	9	1	0	3
米瑶	211109	10	9	5	0	3
伍筠	211110	10	8	3	0	0
卞瑶怡	211111	9	8	0	0	1
乐妍	211112	8	9	2	0	4
尤冠	211113	9	10	1	0	1
胡萍	211114	9	9	3	0	1
章维	211115	10	10	0	0	1
苗泽媛	211116	9	8	5	0	0
水真	211117	10	10	0	0	3
韦盛娟	211118	9	10	1	0	0
雷茹涵	211119	8	10	1	0	0
元荔君	211120	10	9	0	0	4
禹玲	211121	9	9	0	0	3
元毓媛	211122	8	9	2	0	1
戴柏丹	211123	10	9	2	0	5
齐融	211124	8	10	5	0	5
凌晶瑛	211125	8	10	4	0	0
郑皑馨	211126	10	9	0	0	5
于晗	211127	10	9	0	0	3
茅韵轮	211128	8	9	3	0	0
酆叶	211129	10	9	3	0	1
谈夕斌	211130	8	9	5	0	2
宋雪琴	211131	10	10	0	0	3
何珍茜	211132	9	10	5	0	5
卫茹	211133	9	10	2	0	3
皮梦	211134	8	10	3	0	0
计荣	211135	9	8	1	0	1
薛毓	211136	10	10	0	0	2
江媛艺	211201	9	10	3	0	3
韩琳钧	211202	10	8	3	0	0
时婕子	211203	8	10	2	0	3
马瑗炎	211204	8	9	3	0	4
元莎	211205	8	10	2	0	0
樊瑾玉	211206	9	10	5	0	0
阮兰蕊	211207	8	9	4	0	2
危瑶枝	211208	10	9	4	0	0
胡思珍	211209	8	10	2	0	1
周素妍	211210	8	8	0	0	0
云珠聪	211211	10	10	5	0	0
吕露婉	211212	10	8	2	0	0
柯晶	211213	8	8	3	0	2
华馨羽	211214	9	10	4	0	1
谈斌宜	211215	9	9	1	0	3
毛悦冰	211216	8	9	4	0	4
唐凝	211217	10	10	4	0	5
邹融建	211218	9	8	3	0	2
花卿腾	211219	10	10	0	0	0
戴雪朋	211220	9	8	0	0	2
季影	211221	9	8	4	0	2
雷云纨	211222	9	10	4	0	1
昝茹	211223	8	8	5	0	3
夏竹韵	211224	9	10	3	0	5
郑姬	211225	9	10	5	0	4
葛菁聪	211226	9	9	4	0	1
徐建全	211227	9	8	0	0	3
童亚	211228	9	10	3	0	1
殷香	211229	9	10	0	0	3
沈珍	211230	8	9	1	0	2
杜亨君	211231	9	10	3	0	5
苏妹嫣	211232	9	10	4	0	3
史羽	211233	9	10	2	0	1
麻琛	211234	10	8	3	0	1
宋旭时	211235	10	9	2	0	3
康伊娅	211236	9	8	2	0	2
花宏元	211237	10	8	0	0	5
雷眉	211238	10	8	4	0	1
娄洁	211301	8	8	0	0	3
黄源云	211302	9	10	2	0	3
于伯沫	211303	9	9	3	0	5
葛荣希	211304	10	10	2	0	2
廉辰馨	211305	10	8	0	0	0
萧嫣	211306	10	8	2	0	0
沈希莹	211307	8	9	2	0	2
穆茗霞	211308	9	9	5	0	3
常影家	211309	9	9	5	0	1
酆若若	211310	10	9	2	0	1
孙芝苑	211311	9	9	4	0	0
窦晗	211312	10	8	0	0	3
苗瑶纯	211313	10	10	1	0	4
昌凝朋	211314	10	8	3	0	5
吕琰	211315	10	9	5	0	0
毛雪秋	211316	8	10	4	0	0
奚贞瑶	211317	9	9	5	0	3
方眉环	211318	8	9	2	0	4
汤悦秀	211319	8	8	2	0	2
皮亨雪	211320	8	10	3	0	0
汪启莹	211321	8	9	5	0	2
苏爱怡	211322	10	8	2	0	1
阮佳克	211323	9	9	4	0	3
夏亮卿	211324	8	9	3	0	0
韦凤月	211325	8	9	3	0	2
莫荔纯	211326	8	8	5	0	4
薛钊露	211327	9	9	3	0	0
高依	211328	9	8	3	0	1
廉琬雄	211329	8	9	2	0	3
平莉晴	211330	9	9	2	0	2
金和嫣	211331	8	9	5	0	5
李珍婵	211332	10	10	4	0	1
和淑育	211333	9	10	4	0	3
皮佩丽	211334	8	8	4	0	0
祁晓弘	211335	8	10	3	0	5
宋姬素	211336	8	10	4	0	2
魏克雨	211337	10	9	0	0	4
马秋琦	211338	9	9	4	0	0
臧漩	211339	8	9	5	0	2
马清	211340	8	8	3	0	4
雷美	211401	8	8	2	0	0
卜奕	211402	8	9	4	0	2
任柏克	211403	8	9	3	0	1
皮珍风	211404	8	10	1	0	5
倪华沫	211405	10	8	0	0	5
汪晓	211406	8	8	1	0	0
时瑞	211407	9	8	0	0	5
元倩弘	211408	8	9	4	0	3
戚鹏	211409	9	8	1	0	2
伍源薇	211410	9	10	2	0	4
许宁瑗	211411	9	10	2	0	4
谈炎英	211412	9	10	4	0	1
卢雪	211413	9	9	4	0	5
支静菁	211414	10	10	4	0	5
祁翰致	211415	8	9	4	0	5
薛夕	211416	8	10	3	0	5
伏芸欢	211417	10	8	4	0	5
计姣	211418	9	10	4	0	4
阮玉梦	211419	9	9	4	0	1
喻泓	211420	9	10	1	0	5
王飘芸	211421	8	8	0	0	0
韩琳	211422	10	9	5	0	0
康爱萍	211423	9	8	3	0	0
熊雪聪	211424	10	8	0	0	3
苏清	211425	9	10	4	0	2
皮艳素	211426	10	8	2	0	0
范亨	211427	9	9	3	0	2
庞丽锦	211428	9	8	2	0	5
禹兰君	211429	9	9	2	0	1
米寒夕	211430	9	8	5	0	4
林奇筠	211431	10	10	2	0	5
邬媛风	211432	8	10	2	0	1
褚晓瑛	211501	8	10	3	0	2
高琳	211502	10	8	0	0	3
柳希	211503	8	8	2	0	0
贾仪洁	211504	9	10	5	0	4
贾家炎	211505	9	9	3	0	1
狄渊婵	211506	8	8	2	0	3
于悦建	211507	8	8	4	0	2
柳晓	211508	8	10	0	0	5
沈盛	211509	9	10	5	0	2
盛全	211510	10	10	2	0	2
梁雄婵	211511	10	8	3	0	2
庞彤翰	211512	9	8	4	0	3
傅家函	211513	8	9	2	0	1
颜慧朋	211514	8	10	1	0	0
支荷莹	211515	9	9	0	0	5
邹子怡	211516	8	8	1	0	3
卞宇时	211517	9	8	4	0	2
柯吉	211518	9	9	1	0	4
夏亮冠	211519	8	9	5	0	3
蓝真瑞	211520	8	8	4	0	2
麻瑶茜	211521	9	8	3	0	2
高秋	211522	10	9	2	0	4
熊和	211523	8	9	2	0	5
陶吉倩	211524	10	8	0	0	5
张柏	211525	10	9	2	0	4
陈依钧	211526	10	10	3	0	2
臧行	211527	8	9	5	0	4
麻勤	211528	8	8	5	0	0
贾茜瑶	211529	10	9	3	0	1
江枫丹	211530	8	8	1	0	2
喻丹	211531	8	9	4	0	3
何之	211532	9	8	0	0	4
管莲莹	211533	9	9	0	0	4
吴欣	211534	9	10	2	0	3
廉宏	211535	8	10	1	0	3
湛德固	211536	8	10	4	0	5
孙风韵	211601	10	10	1	0	2
徐竹文	211602	9	8	5	0	5
马英钊	211603	9	9	3	0	5
潘亚琰	211604	9	9	3	0	4
史斌	211605	10	9	1	0	2
陈娜飘	211606	8	10	0	0	2
任妹	211607	10	8	2	0	3
梅黛艳	211608	8	9	2	0	1
唐佳妤	211609	9	8	2	0	1
郭莲翰	211610	10	10	5	0	1
熊泰悦	211611	8	9	2	0	5
冯晗眉	211612	9	10	5	0	5
朱克飘	211613	10	10	2	0	3
潘吉倩	211614	10	8	5	0	2
毕纯瑶	211615	9	10	3	0	1
陶颖	211616	8	8	1	0	0
薛姬凝	211617	8	8	3	0	2
萧芝萍	211618	8	10	5	0	0
马策风	211619	8	10	3	0	2
康香秀	211620	9	8	3	0	3
平勤	211621	9	10	2	0	3
许娅晴	211622	8	8	0	0	4
云蓓毓	211623	9	8	5	0	4
褚嘉	211624	8	10	2	0	1
余淇启	211625	9	9	1	0	1
水青婵	211626	8	9	5	0	4
计榕梦	211627	8	8	1	0	0
邱晓荔	211628	9	10	3	0	0
郎玉钊	211629	10	9	3	0	0
秦浩	211630	10	8	3	0	5
贾秋泽	211631	10	10	2	0	0
冯凡	211632	8	8	4	0	3
沈亚瑾	200101	12	14	9	10	11
茅英云	200102	13	15	7	7	11
柯娟	200103	13	14	8	11	5
黄晶	200104	14	14	6	6	11
秦芳宜	200105	14	13	7	6	15
凤莉	200106	14	14	5	6	6
陈婕钧	200107	15	12	6	6	13
贺梦昭	200108	11	14	7	9	13
江悦琰	200109	14	10	6	8	6
高致	200110	12	11	6	7	6
徐荔	200111	10	10	10	12	10
华思依	200112	12	10	7	9	11
潘斌	200113	10	12	6	8	14
梁辰珍	200114	10	13	5	11	7
郝柔渊	200115	10	14	7	7	11
韩玉璧	200116	13	13	10	10	12
童克	200117	13	14	7	6	11
柏宜亚	200118	11	11	6	7	7
危瑾维	200119	10	11	6	5	8
章爽琳	200120	15	15	10	10	10
褚莉	200121	10	13	7	10	9
戴泓英	200122	13	11	9	6	11
张树	200123	13	13	6	10	12
强萍莉	200124	10	11	6	11	15
费悦云	200125	14	10	8	6	14
奚梁谦	200126	14	10	8	7	15
屈铎致	200127	15	15	8	8	5
姚岚德	200128	11	15	9	7	7
薛荷馨	200129	11	10	5	6	5
戴云茗	200130	13	12	6	9	11
江荷霭	200131	12	10	9	11	14
花钧	200132	13	12	6	5	6
唐妍菁	200133	15	10	8	5	9
邱思	200134	10	10	8	12	10
金允竹	200201	11	12	9	12	14
祁悦	200202	10	12	5	9	7
任素镇	200203	11	14	8	12	14
皮琬云	200204	12	15	8	7	14
齐梦筠	200205	14	10	5	11	13
酆宏纯	200206	15	10	8	7	13
李嫣栋	200207	14	15	7	6	15
盛琳卿	200208	12	15	8	5	12
冯希	200209	10	12	6	12	9
于炎媛	200210	14	10	10	6	11
卫凝函	200211	15	13	5	5	6
危苑洁	200212	13	12	7	8	7
岑奇和	200213	14	15	7	10	10
薛轮	200214	13	15	8	7	11
严允	200215	13	12	10	11	12
乐晨	200216	11	14	9	5	15
袁榕瑶	200217	11	13	9	12	6
韦启	200218	14	14	5	7	12
常飘	200219	14	15	5	11	10
成悦时	200220	14	11	8	5	6
葛园妍	200221	14	13	5	6	14
喻茹彤	200222	13	13	6	5	8
祁源	200223	12	15	9	5	10
殷柔炎	200224	15	14	5	9	10
邵妤乐	200225	11	15	9	12	14
康娟	200226	14	12	8	11	7
杜茗君	200227	10	11	9	5	10
柳青妤	200228	15	10	9	5	7
喻倩菁	200229	12	12	10	10	12
刁琳柏	200230	11	15	9	10	7
娄亮萱	200231	11	10	9	9	9
赵欣薇	200232	14	15	5	12	11
章青	200233	15	10	8	12	14
郭兰秀	200234	15	13	6	6	7
吴惠嫣	200235	14	12	8	6	10
任晨	200236	15	13	10	5	15
郑爱	200237	12	13	9	7	11
祝舒澜	200301	10	12	6	12	6
鲁灵	200302	15	11	6	11	11
卫荔	200303	14	11	5	5	14
冯奕可	200304	15	15	8	7	10
禹淳	200305	13	13	6	9	5
闵真	200306	11	13	6	10	5
薛鹏宏	200307	10	12	6	7	9
方铭苑	200308	15	14	7	12	13
华云真	200309	11	12	7	8	11
毕莹枫	200310	11	15	8	10	13
费浩媛	200311	12	15	10	7	15
董莎蓉	200312	13	12	7	11	11
盛腾琪	200313	14	11	8	6	7
刁媛芳	200314	14	11	10	10	7
范淳	200315	13	15	5	8	9
明爱柏	200316	10	11	8	10	8
薛奇	200317	11	11	5	6	5
祁柔琳	200318	13	10	10	11	15
廉憧琦	200319	15	12	6	11	6
纪巧	200320	10	15	8	8	8
奚娜亮	200321	13	12	10	10	7
卢元	200322	12	10	5	6	15
胡玲雨	200323	11	10	6	5	12
吴茜先	200324	13	15	6	5	14
路依	200325	11	12	10	7	13
万枫镇	200326	11	12	10	11	15
孙冰	200327	10	10	8	12	15
高月钧	200328	14	11	8	11	15
时霄伯	200329	14	12	7	6	7
凤瑗佳	200330	14	11	6	9	8
禹育毓	200331	10	11	9	11	12
祁行	200332	10	13	5	10	12
平毓茜	200333	15	14	9	8	9
韩亨	200334	11	10	9	6	13
和翰	200401	15	14	7	12	10
虞文舒	200402	14	14	6	9	11
袁沫倩	200403	13	15	9	6	15
鲁梦霞	200404	10	15	9	5	7
林真炎	200405	12	15	8	11	9
皮凡旭	200406	13	11	8	6	15
万希青	200407	12	13	7	5	10
吴娜珍	200408	14	11	7	8	13
贺怡美	200409	15	12	7	6	9
支爽	200410	13	10	5	12	12
卞思菁	200411	12	13	10	7	12
陈鸣	200412	11	11	10	8	14
陶晗爽	200413	14	13	5	6	9
奚荣美	200414	12	14	5	8	7
邹兰娟	200415	14	10	10	10	9
贾凝	200416	10	13	9	10	10
乐媛彤	200417	15	12	5	11	7
何洁琪	200418	10	11	5	6	7
陈娜	200419	14	14	10	11	8
施雨渊	200420	15	15	9	8	13
冯园	200421	12	10	5	9	11
刁艳	200422	12	15	7	11	13
云融钧	200423	13	12	6	10	11
茅羽云	200424	14	15	9	9	7
倪馨宇	200425	15	13	6	9	12
柏亚珍	200426	13	13	9	10	12
邬琴	200427	10	11	5	12	5
柏枫青	200428	13	11	7	6	9
杨苑树	200429	14	15	8	10	15
雷英君	200430	11	13	8	5	6
万娴	200431	12	13	7	5	14
彭凡凡	200432	13	10	10	7	10
闵爽珍	200433	13	14	10	12	7
杨璧允	200434	10	12	8	12	12
柏黛瑛	200435	13	11	10	5	5
张函	200501	10	15	10	6	5
马梦	200502	12	11	8	12	13
卜依	200503	13	11	10	7	5
施子园	200504	15	12	7	11	7
杜锦荔	200505	11	15	7	11	15
卢以月	200506	11	12	6	6	9
元荣旭	200507	13	10	6	8	10
穆璧佩	200508	10	13	7	12	6
强悦希	200509	13	15	10	6	12
卞珍	200510	11	14	6	9	9
史秋育	200511	15	12	9	8	9
常斌	200512	10	15	6	11	9
凌辰	200513	14	14	10	10	5
昌岚晨	200514	10	15	9	5	7
喻钊媛	200515	14	12	5	12	10
席宜娜	200516	15	14	9	5	12
傅丹纨	200517	13	10	5	9	10
平悦佳	200518	11	14	8	7	6
毛妹卿	200519	15	11	5	12	15
汪铭艳	200520	15	10	6	6	13
邱晓	200521	12	14	6	12	8
熊纨树	200522	12	11	10	11	10
席茜	200523	15	11	9	9	7
支琬	200524	11	13	6	11	10
章聪家	200525	14	14	7	7	8
尤沫	200526	14	12	7	11	9
施文莹	200527	14	10	6	11	10
梁昭叶	200528	10	13	10	8	15
乐露珍	200529	13	13	6	9	8
蔡华丹	200530	10	14	9	12	11
伍弘淳	200531	11	10	6	7	13
邵怡荔	200532	11	12	7	10	10
马珍铎	200533	11	11	7	10	10
喻悦锦	200534	14	12	5	11	6
路倩	200535	13	15	6	12	14
褚茹	200536	12	12	8	9	9
戴行丽	200537	12	15	6	5	14
伍凡	200538	10	13	8	7	13
黄雅咏	200601	15	10	8	7	11
熊婕吉	200602	13	14	8	8	11
金可	200603	13	10	7	6	11
樊璐	200604	14	15	5	8	5
席奕凡	200605	13	11	5	12	8
殷媛	200606	11	11	9	11	7
袁瑾茜	200607	11	15	7	9	6
邵薇澜	200608	14	12	7	11	12
孙晗	200609	11	15	10	11	15
鲍翔	200610	14	12	8	12	5
窦奕苑	200611	12	14	9	9	8
梅素	200612	14	10	7	11	15
褚云源	200613	11	15	6	6	12
戴克萱	200614	10	11	6	12	5
米素	200615	11	15	10	8	10
张融	200616	11	10	5	7	6
戚铭	200617	15	15	8	6	5
窦卿憧	200618	11	13	5	10	12
傅眉	200619	10	15	8	7	15
岑珊	200620	14	11	6	8	8
李奕启	200621	15	11	8	5	9
金翰姣	200622	10	11	8	12	5
席瑾	200623	14	10	5	12	6
禹倩贞	200624	11	14	9	9	11
云梦	200625	13	15	10	11	11
陶翰铎	200626	15	10	5	12	14
俞君若	200627	10	12	8	10	12
任皑	200628	10	10	10	5	15
孙建秋	200629	10	13	8	7	6
柯亮华	200630	11	15	10	5	9
任允	200631	11	13	7	6	14
奚和佩	200632	14	12	9	10	8
伍凝腾	200633	15	12	8	8	6
李灵	200634	10	13	6	5	6
卞琰奇	200635	13	14	9	6	11
徐纨倩	200701	11	15	7	5	13
柳浩	200702	11	12	9	8	12
彭瑶	200703	12	12	10	7	13
危聪晴	200704	14	15	6	7	7
史源	200705	15	10	9	5	10
安洁嘉	200706	15	11	7	12	5
许炎涵	200707	10	13	8	5	12
花泓	200708	15	15	5	8	9
喻奇	200709	11	15	5	6	15
蔡思渊	200710	12	12	5	5	12
凤珍芸	200711	10	12	7	10	10
韦瑶荷	200712	11	13	6	8	7
华瑶	200713	12	14	5	9	7
万香	200714	12	10	9	12	8
花航	200715	14	14	9	11	7
华飘玉	200716	11	14	10	7	11
彭娅	200717	14	13	10	6	8
窦艳茗	200718	12	13	8	9	7
韩固芳	200719	13	15	7	7	14
伍夕	200720	10	14	6	5	11
郑铭铎	200721	12	11	10	6	11
雷旭以	200722	14	15	5	5	12
谢琬钧	200723	14	12	9	11	12
祁飘萱	200724	12	10	7	8	5
赵风爱	200725	14	15	6	10	13
虞妤	200726	15	12	7	7	7
罗惠贞	200727	13	10	10	12	10
奚佳	200728	11	10	9	9	10
董可莉	200729	14	10	9	10	11
谈艳	200730	11	14	9	10	10
潘园	200731	13	11	7	5	11
胡翰澜	200732	14	14	10	12	6
臧钧融	200733	13	15	7	11	15
倪霄卿	200734	13	10	6	11	12
阮固怡	200735	13	10	6	9	14
唐和宏	200736	14	12	5	7	12
闵瑛	200737	13	11	9	8	11
韩宜	200801	12	10	10	9	15
常丽	200802	10	12	10	6	8
姚姬倩	200803	13	15	5	9	9
姚瑾朗	200804	10	15	8	12	13
蓝怡嘉	200805	10	14	7	11	10
毛佳艳	200806	14	15	9	9	15
萧丽	200807	13	11	8	5	15
马卿	200808	13	11	6	6	8
高婕雄	200809	14	14	10	9	13
项朗	200810	11	12	5	8	13
危源以	200811	15	15	10	11	12
昌文静	200812	10	15	9	8	13
戚铎伊	200813	14	14	9	5	6
梁轮	200814	15	10	9	6	5
成颖	200815	11	12	8	11	15
李眉婉	200816	13	12	9	10	9
苏华融	200817	14	13	6	5	15
乐琬娅	200818	10	10	8	7	14
胡铎漩	200819	15	13	10	7	14
莫淇眉	200820	15	13	8	9	5
李蕊萍	200821	15	12	10	7	12
袁铭琦	200822	11	13	9	7	12
章梦昭	200823	13	15	10	12	9
秦希悦	200824	14	12	6	5	9
谈娅晶	200825	11	14	10	8	12
庞秋冠	200826	13	15	7	8	10
苏宏时	200827	10	13	10	6	13
曹琦婉	200828	15	10	7	5	10
凤娟	200829	12	12	8	9	11
马勤莹	200830	11	15	8	7	9
齐泰	200831	12	14	8	12	5
时韵士	200832	14	11	7	12	13
孔萍	200833	10	11	6	6	15
霍枫	200834	15	11	9	7	12
贝妍朗	200835	15	14	9	12	9
乐娟	200836	11	10	10	12	8
褚艺淇	200901	13	13	6	6	12
庞荷	200902	15	13	7	6	9
蓝怡盛	200903	10	12	10	12	10
毛纨妹	200904	10	14	8	9	5
郑钊憧	200905	13	10	6	12	12
冯希惠	200906	15	10	6	8	10
蒋铭	200907	14	15	10	6	11
柏仪亮	200908	14	15	8	8	5
魏依	200909	14	15	10	5	5
舒佩馨	200910	13	14	10	11	7
鲁腾	200911	13	14	8	6	6
齐仪琴	200912	12	13	8	9	15
卢希允	200913	12	14	5	6	10
郭霄茗	200914	15	11	5	10	15
成雪	200915	13	14	5	6	9
雷卿	200916	12	11	6	7	12
葛枫家	200917	14	11	8	5	11
王玉芳	200918	14	12	9	6	9
屈贞梦	200919	14	11	6	11	11
于洁	200920	10	10	7	6	11
何莹	200921	10	13	6	10	13
韩枝玲	200922	11	13	10	9	15
席凡咏	200923	11	15	8	10	7
俞琰时	200924	14	12	7	8	7
江毓	200925	14	15	5	5	9
高毓沫	200926	14	12	5	7	5
王依晶	200927	10	13	7	11	5
陶瑶	200928	13	13	5	5	8
禹勤凡	200929	11	11	10	11	5
骆枫欣	200930	15	15	10	11	5
麻荷欣	200931	14	13	7	12	10
霍妍	200932	14	15	5	7	9
田伦	200933	11	13	5	11	11
秦园悦	201001	10	10	7	11	7
蓝云源	201002	14	14	6	5	10
汪悦憧	201003	15	12	6	7	8
唐翰	201004	11	13	5	12	15
茅珊勤	201005	10	12	10	6	12
骆仪	201006	15	11	9	6	14
潘若兰	201007	11	12	9	8	15
管叶琳	201008	11	14	5	8	5
米爱妍	201009	13	12	8	6	5
昌涵	201010	14	15	9	7	8
邹怡荣	201011	12	15	5	6	13
陈灵凝	201012	12	14	5	7	8
林奇姬	201013	11	15	7	12	13
伏泰源	201014	13	12	10	12	13
卞莹卿	201015	12	10	7	5	9
昌士启	201016	13	13	9	11	11
蔡铎	201017	13	15	9	5	9
吕钧伊	201018	12	11	7	10	5
华佳	201019	13	10	8	12	7
韦欢妍	201020	15	14	9	7	8
盛慧	201021	12	11	10	9	15
穆娅纯	201022	12	10	8	12	7
祝固筠	201023	11	13	7	9	8
奚元元	201024	14	12	5	10	9
臧晴依	201025	11	14	10	7	15
安妤泽	201026	11	10	7	9	8
任轮媛	201027	12	10	5	11	9
湛思雄	201028	13	11	9	12	11
袁婉荣	201029	12	13	8	8	7
强娅雪	201030	11	11	9	5	11
褚媛华	201031	11	15	9	11	14
华琪	201032	13	13	6	9	6
吴丹	201033	12	11	8	5	11
殷青	201034	11	10	9	5	11
蒋凡艳	201035	14	12	5	11	13
杜荔娟	201036	12	14	7	8	10
吴眉颖	201037	14	15	5	11	12
沈家	201038	14	14	9	12	13
卞弘家	201101	12	11	6	8	15
严惠冠	201102	13	14	7	12	14
郎沫	201103	13	15	5	8	6
郎炎镇	201104	12	15	10	10	5
孟锦昭	201105	12	11	6	9	10
童宜	201106	10	15	7	10	7
傅萍菁	201107	13	15	8	9	5
葛璧源	201108	11	15	6	10	7
凌荔	201109	15	15	9	8	9
卜伦欢	201110	11	15	6	12	14
宋伯	201111	11	13	5	7	6
何彤	201112	15	13	8	7	10
闵漩咏	201113	15	10	10	12	7
喻冠瑶	201114	13	15	7	5	12
祝菁蕊	201115	12	12	5	8	5
苗固茹	201116	10	12	6	11	7
戚淇璐	201117	14	14	6	12	14
魏爱莲	201118	13	15	10	6	7
季月钧	201119	10	10	9	12	10
潘琴	201120	13	10	10	7	13
邵蓉和	201121	15	14	10	11	13
凤馨	201122	12	10	7	12	8
傅凡艺	201123	13	11	7	6	7
韩栋	201124	15	13	7	9	12
湛沫芳	201125	14	14	9	12	15
成浩	201126	15	10	10	10	8
田枝	201127	13	11	5	7	8
高钧琴	201128	10	14	7	11	8
钱斌	201129	13	14	7	12	13
殷梦冰	201130	11	14	9	12	6
郑倩钧	201131	15	11	5	8	13
米怡	201132	12	13	7	7	9
屈露楠	201133	15	11	7	10	5
熊媛	201134	11	11	10	5	8
林乐柔	201135	13	12	7	5	14
史澜	201136	13	15	7	11	7
席琦憧	201201	10	11	10	7	14
何柔霭	201202	12	15	5	11	10
彭克兰	201203	12	14	9	11	11
宋丽妤	201204	10	15	10	7	9
林伦浩	201205	12	11	7	11	5
黄芝	201206	12	15	9	7	11
明霭妤	201207	10	13	6	12	15
沈芝允	201208	13	12	6	8	6
虞瑾	201209	11	14	6	12	15
水倩	201210	13	10	9	6	7
万慧韵	201211	14	15	9	12	7
郝希	201212	15	11	7	7	14
袁吉妍	201213	15	10	9	7	5
安希希	201214	15	15	6	8	5
尹晨娅	201215	14	12	9	11	6
庞凤妍	201216	13	13	7	5	8
娄伯珠	201217	12	15	8	12	14
傅勤芳	201218	14	13	6	6	15
魏嘉悦	201219	13	12	6	6	15
冯娅月	201220	15	15	8	12	13
曹瑶	201221	10	13	5	11	15
周航	201222	11	11	7	12	10
万荷鹏	201223	15	15	7	5	10
乐凡	201224	12	12	5	9	5
于慧朋	201225	10	11	8	11	9
常先	201226	13	11	10	7	12
乐晶允	201227	15	14	10	5	13
闵可克	201228	12	13	7	5	5
毕枫	201229	10	13	9	10	9
凌言英	201230	12	15	10	8	12
张珠欢	201231	10	13	8	12	12
柯莉浩	201232	11	10	9	5	5
于策媛	201233	10	13	7	11	8
童珍克	201234	15	12	7	11	15
冯姣瑗	201235	14	12	8	5	10
鲍家聪	201236	12	10	6	9	12
祝妤	201237	10	11	9	11	5
米雁	201238	14	11	10	12	6
卞宁朋	201301	12	14	8	9	10
罗爽荷	201302	10	11	7	5	9
卞黛	201303	10	11	9	10	10
和凡鹏	201304	14	15	7	8	12
夏琳	201305	14	11	6	5	5
梁莲	201306	10	10	10	9	6
元倩若	201307	15	11	9	7	14
张彤致	201308	12	15	9	8	8
伍瑶奇	201309	10	14	7	5	9
费凡妍	201310	14	11	10	8	13
黄雪	201311	12	10	10	8	8
席纯	201312	11	11	10	11	8
邬怡希	201313	14	13	8	7	8
赵芸	201314	12	10	5	5	8
路彤克	201315	13	12	7	7	7
殷伊婵	201316	15	15	6	9	13
皮凡环	201317	12	15	8	7	10
霍凝君	201318	15	10	8	8	14
项梦文	201319	12	13	9	10	14
祝佳	201320	10	15	9	7	7
毕凤咏	201321	15	14	5	8	10
苗薇晗	201322	11	14	6	5	14
苗羽鹏	201323	14	13	5	10	9
萧先希	201324	13	11	6	7	7
贝萍枫	201325	13	11	10	6	13
周韵	201326	12	13	7	9	8
狄雪娅	201327	13	13	5	6	13
强婵淇	201328	14	14	6	5	15
卢琳淇	201329	13	11	6	6	6
尹子璐	201330	14	13	6	9	10
孟锦	201331	13	12	5	5	8
米薇艺	201332	13	13	5	8	15
皮冠妤	201333	13	15	8	9	12
金珍斌	201334	14	11	5	6	7
林言琪	201335	14	13	10	12	12
谢香月	201336	15	12	7	11	12
花玉	201337	14	11	9	9	12
卢伯先	201338	15	15	10	11	7
米铎欣	201339	13	14	7	10	12
谢元淳	201340	10	11	10	11	8
张克	201401	14	13	10	11	10
沈涵	201402	13	11	8	12	6
和仪荷	201403	14	15	10	11	6
傅育宁	201404	10	10	6	8	13
成冰	201405	12	11	9	11	12
康冰荔	201406	14	13	6	9	6
麻芝士	201407	14	15	7	7	15
颜乐泽	201408	11	12	6	5	15
酆妍	201409	12	13	9	8	15
麻琬婵	201410	14	14	10	5	5
禹妍	201411	11	13	9	10	9
黄昭洁	201412	13	10	7	5	6
昌月	201413	11	11	7	5	10
于瑶	201414	14	10	8	9	12
皮珍丹	201415	12	13	5	12	7
陈渊茹	201416	14	10	8	6	13
鲁瑛	201417	14	12	10	9	13
余婉宁	201418	15	12	7	6	9
计锦	201419	11	11	7	6	12
杜琰辰	201420	11	13	6	8	15
纪梦	201421	11	13	9	10	9
平伯琬	201422	15	11	6	6	6
蔡妹月	201423	10	10	8	7	8
凌园维	201424	14	11	8	9	14
廉瑶枝	201425	14	13	6	11	13
汪育旭	201426	13	12	8	9	10
唐皑	201427	14	15	5	10	7
董萍枫	201428	12	10	10	11	5
舒德	201429	13	10	9	7	11
毕露滢	201430	13	14	5	9	10
凌璧娟	201431	13	13	7	9	11
莫芸纨	201432	14	10	10	9	6
邵夕飘	201501	12	12	6	12	5
锺凡漩	201502	13	14	9	10	10
颜珊	201503	13	11	8	12	14
华姣钧	201504	11	14	6	12	9
吴一璐	201505	14	10	6	11	13
乐月	201506	14	11	9	8	7
瑞宜	201507	13	15	6	6	13
安秀	201508	11	10	7	5	12
萧倩瑛	201509	12	11	8	5	7
窦倩薇	201510	12	11	8	9	6
潘倩晴	201511	13	10	8	9	7
沈腾芳	201512	15	13	10	11	7
韩筠	201513	11	12	7	12	10
时宏	201514	10	13	7	6	12
窦妹	201515	14	14	7	7	7
倪致莲	201516	15	15	10	8	9
童莲	201517	12	13	6	12	15
尹珠芸	201518	10	11	5	5	9
袁和悦	201519	14	14	6	11	11
张卿媛	201520	15	12	7	5	5
季岚君	201521	13	13	5	12	13
蔡雪	201522	15	14	8	5	7
褚淇	201523	12	14	7	11	6
花兰	201524	13	11	5	8	13
任妤	201525	13	10	7	12	6
管宜时	201526	12	12	5	8	5
贺慧清	201527	11	10	6	5	6
云云炎	201528	11	10	9	5	5
章凝涵	201529	15	12	6	10	5
穆英婉	201530	10	14	8	11	9
昌芳	201531	14	12	6	6	9
莫时	201532	11	12	7	6	5
贝妹静	201533	11	15	10	7	14
孟静	201534	14	13	6	7	14
项妹馨	201535	15	14	9	10	11
吴启翰	201536	14	12	6	12	11
郎薇婕	201601	11	11	8	11	7
方辰	201602	15	14	10	10	6
铭英	201603	10	11	5	7	15
雷雪君	201604	10	13	8	10	15
皮希鸣	201605	15	15	7	5	5
喻悦	201606	13	12	6	10	5
时欢琬	201607	13	12	6	12	15
穆怡泰	201608	14	10	10	6	8
韩姬雪	201609	15	15	6	11	6
樊晗	201610	14	14	10	8	5
湛珍	201611	11	10	6	8	5
管启漩	201612	11	14	9	12	5
许克楠	201613	12	10	7	8	13
喻炎娅	201614	10	15	8	6	14
姚澜	201615	14	12	10	9	13
黄晶泓	201616	12	11	6	5	10
贺美影	201617	10	14	7	11	8
骆嫣蓉	201618	13	12	5	11	8
柯奕家	201619	11	10	7	6	8
贝叶	201620	14	13	8	10	11
安行月	201621	11	10	7	12	8
贾漩玉	201622	11	12	8	7	5
吴芸嫣	201623	14	12	6	10	10
任香毓	201624	12	15	8	5	6
徐固	201625	10	15	7	5	5
唐固希	201626	10	12	5	12	7
祝晗	201627	12	13	5	6	6
支晴瑗	201628	15	15	5	11	8
苗澜泓	201629	10	13	5	7	15
熊涵	201630	14	14	7	12	6
俞静楠	201631	15	13	5	7	6
杜巧婉	201632	11	14	8	8	7
穆姣姣	190101	37	36	26	17	30
江芝巧	190102	43	43	29	12	20
吕雨荣	190103	45	41	30	10	30
盛憧悦	190104	41	37	28	14	22
鲍筠	190105	45	37	30	17	26
余炎纨	190106	41	36	26	16	30
薛柔	190107	37	44	28	18	22
王旭	190108	39	35	28	15	24
曹嫣翔	190109	41	44	26	18	23
平嫣弘	190110	39	45	29	16	22
项弘元	190111	35	41	27	13	22
金德	190112	39	35	28	15	25
苏希	190113	45	43	27	10	26
卫若	190114	39	43	24	18	21
宋芸筠	190115	45	44	24	18	25
昌致	190116	40	40	27	18	30
董钊晴	190117	39	45	25	12	24
颜荷文	190118	43	39	29	11	22
梅之兰	190119	42	39	25	14	22
霍贞澜	190120	37	45	28	17	27
颜凝辰	190121	45	43	24	10	24
昌悦钧	190122	36	35	26	11	20
娄漩镇	190123	36	39	24	11	22
董娟宜	190124	39	41	28	18	24
谢怡岚	190125	39	43	24	13	27
滕惠可	190126	44	45	30	16	27
常克欢	190127	40	45	27	10	21
褚倩寒	190128	40	44	28	12	25
危瑶	190129	36	44	24	11	26
蓝淇琰	190130	44	45	26	18	24
于晨真	190131	37	40	29	15	27
戴瑗涵	190132	39	41	29	10	23
乐澜一	190133	38	35	26	12	20
章萍姬	190134	37	41	25	10	30
凌丽枝	190201	39	36	27	15	27
贝憧欣	190202	35	44	30	17	29
周宇	190203	44	41	29	18	29
阮鸣	190204	40	36	24	12	29
熊克	190205	42	44	26	15	23
霍茜渊	190206	42	37	30	10	25
田环	190207	43	45	25	12	23
孔聪璧	190208	37	44	26	12	26
平鹏瑶	190209	40	44	28	17	22
骆月维	190210	43	43	24	18	27
胡朋宜	190211	43	38	24	11	21
罗鹏	190212	42	39	29	16	22
蔡清媛	190213	38	39	30	16	29
卞华	190214	37	36	25	14	20
汪澜	190215	41	37	30	11	26
花乐炎	190216	44	36	25	10	25
唐琴叶	190217	43	44	29	16	26
邵珍舒	190218	45	44	26	10	24
盛咏莎	190219	38	42	29	11	26
颜玉妍	190220	37	44	24	12	23
莫琦子	190221	37	36	24	12	22
林丽悦	190222	45	40	26	13	22
安伊	190223	43	44	25	18	25
尹丽彤	190224	45	43	29	10	24
薛芳泰	190225	35	38	25	11	25
狄妹榕	190226	40	38	24	11	21
湛羽舒	190227	38	40	24	16	27
吕勤	190228	35	41	24	14	21
毕晨真	190229	39	45	24	14	24
秦凝	190230	35	36	30	11	27
柯克	190231	44	41	26	14	20
曹晗鸣	190232	42	43	25	17	25
明清	190233	41	40	24	10	26
水和倩	190234	36	42	25	15	27
锺瑛子	190235	42	42	27	16	21
伏珠	190236	37	45	26	16	24
罗瑗	190237	37	37	30	18	30
金薇	190301	40	43	26	17	21
勤欣	190302	43	35	29	12	24
施锦昭	190303	40	42	24	16	25
元娟鸣	190304	37	35	26	18	27
阮竹宜	190305	36	40	27	10	30
华融夕	190306	43	43	30	13	29
强轮琬	190307	42	35	29	13	25
范之琳	190308	43	39	26	16	27
杜翔娟	190309	42	41	24	17	23
樊爱	190310	35	45	28	18	24
沈欣怡	190311	36	37	26	13	26
康全	190312	36	37	26	18	30
童妹克	190313	39	41	26	16	29
黄舒雨	190314	44	37	25	14	27
曹怡	190315	42	36	24	11	27
计荔美	190316	40	35	29	12	30
褚环娅	190317	36	35	30	11	22
闵固	190318	41	39	25	17	30
余雁钧	190319	36	35	26	12	25
计伯	190320	42	38	30	13	28
钱晴瑶	190321	36	43	30	16	21
云萍雅	190322	36	42	24	10	20
凌翔	190323	39	35	29	10	27
屈萍	190324	45	41	26	17	29
范茜文	190325	36	45	30	13	23
鲁柔丹	190326	40	36	27	11	25
高香泓	190327	36	37	27	11	29
姚启璐	190328	39	36	25	14	28
郝冠	190329	45	45	28	13	23
吕维	190330	37	41	25	11	23
汪妍	190331	45	42	28	18	25
颜琳贞	190332	35	39	30	10	28
周丽琪	190333	39	40	29	16	21
常月	190334	40	42	25	14	30
彭行	190401	37	44	26	13	29
酆巧妤	190402	35	39	25	17	27
沈倩	190403	44	43	26	16	29
屈涵月	190404	36	45	25	11	29
胡澜华	190405	41	35	26	17	25
狄真倩	190406	40	38	24	13	25
皮淇晗	190407	41	36	29	14	26
梅莉	190408	43	37	26	14	22
梁慧凡	190409	41	36	29	13	21
傅雨梦	190410	44	39	25	12	23
苏雄	190411	35	37	25	10	25
任楠文	190412	45	44	30	18	25
霍文淳	190413	37	43	26	16	29
昝亚梦	190414	45	40	25	16	23
庞雅建	190415	36	42	27	14	28
岑婉策	190416	43	39	28	18	28
强铭眉	190417	37	41	28	17	27
曹伊	190418	37	39	24	10	21
于媛	190419	38	45	26	18	25
褚全荣	190420	42	42	30	16	28
强栋芳	190421	44	43	26	16	20
狄固依	190422	41	43	27	10	29
伍钊璧	190423	44	38	27	13	26
阮艳	190424	37	39	25	14	26
郑雪凡	190425	42	43	29	17	20
方伦环	190426	39	44	24	16	28
云仪枫	190427	35	45	28	13	22
骆英	190428	41	38	28	17	23
魏洁	190429	35	36	26	16	30
谈冰	190430	45	44	28	10	27
袁琦	190431	41	38	25	18	29
昌浩芝	190432	42	39	30	18	28
夏滢	190433	42	45	24	17	22
罗楠	190434	37	41	25	13	23
蒋铭瑾	190435	37	39	29	17	22
韦丽霄	190501	43	35	25	17	28
康毓珍	190502	43	43	27	15	24
宋鹏	190503	40	41	28	16	22
卞珊	190504	38	36	28	15	29
祝蕊苑	190505	36	37	24	18	29
贺婕钧	190506	38	41	30	14	23
殷寒云	190507	35	43	24	18	30
禹辰	190508	43	38	27	15	22
毕秀琴	190509	39	40	27	12	25
樊娜菲	190510	42	45	27	13	24
廉婕园	190511	35	39	24	17	26
万旭	190512	40	44	27	14	23
萧榕和	190513	40	41	26	10	27
昌琴	190514	35	38	28	18	27
锺婷婷	190515	40	43	24	15	23
吕眉	190516	40	42	24	16	20
莫韵	190517	38	42	30	10	28
梁琪	190518	45	38	30	11	20
邱瑛滢	190519	45	38	30	18	20
席枫羽	190520	41	45	27	10	28
席彤珊	190521	36	44	26	15	21
苏佳	190522	42	44	29	14	20
姜仪	190523	35	43	25	11	24
罗莎雪	190524	44	42	30	16	30
盛璧雨	190525	41	41	30	16	21
金雪	190526	43	44	25	11	28
安柔灵	190527	37	39	25	16	21
金秋淇	190528	39	43	26	13	25
章叶	190529	38	39	27	12	30
喻韵英	190530	37	38	29	13	23
史朋灵	190531	37	38	30	10	27
夏吉	190532	45	44	24	14	28
管冰	190533	40	37	29	12	29
酆惠黛	190534	43	42	29	17	20
昝珍巧	190535	42	43	29	17	23
乐柔	190536	38	36	28	11	25
曹珍家	190537	41	40	25	17	25
席茹	190538	42	35	28	11	29
蓝全	190601	42	43	24	10	23
席菁	190602	41	37	27	11	30
何嫣	190603	42	37	27	15	20
徐先	190604	44	43	24	13	27
孟馨	190605	39	36	24	15	20
米淑	190606	40	39	27	18	23
葛岚	190607	36	35	24	11	27
卢梁娅	190608	41	44	24	15	22
毕环茜	190609	45	45	30	12	20
周时琴	190610	42	42	28	17	21
蓝旭莹	190611	43	41	28	14	27
董艳和	190612	45	43	26	17	27
胡环	190613	45	43	27	12	26
熊婷青	190614	38	44	24	10	24
孔媛悦	190615	40	39	27	15	21
章妍雁	190616	45	42	26	18	20
康蕊炎	190617	44	38	25	10	21
阮航菁	190618	41	42	24	12	28
管凡	190619	44	43	25	10	22
阮枫	190620	35	41	25	14	24
金怡珊	190621	41	43	28	11	26
金雨	190622	36	35	25	16	28
成娴珍	190623	45	42	28	15	20
严园	190624	42	36	29	11	23
刘菲	190625	43	38	26	15	26
滕莹雄	190626	38	44	27	11	22
花楠镇	190627	43	40	24	16	22
支妍惠	190628	44	39	30	14	23
倪柔嫣	190629	36	43	30	15	30
董淳	190630	44	39	27	17	25
郎欣雪	190631	43	43	28	18	20
狄薇晨	190632	42	45	25	13	26
戚依	190633	45	36	27	16	20
邵源	190634	36	45	29	11	24
禹倩	190635	44	40	27	16	30
林筠清	190701	38	35	29	15	29
莫先	190702	37	43	25	12	24
袁月	190703	44	42	25	11	24
倪旭	190704	36	39	27	14	27
穆盛铎	190705	37	39	28	12	25
项萱珍	190706	45	38	29	10	27
严素晴	190707	35	39	27	11	26
董嘉	190708	41	43	24	11	28
罗丹妍	190709	42	37	28	16	21
岑德瑗	190710	38	40	28	15	28
万黛娴	190711	37	44	30	15	30
陶琳珍	190712	45	37	30	14	30
霍一媛	190713	37	42	26	17	30
孟德	190714	39	45	25	16	24
汤玲	190715	42	35	28	14	26
沈妤宏	190716	39	43	25	11	25
汤霄	190717	44	37	26	17	21
乐瑛	190718	35	38	24	14	26
韩娟璐	190719	41	38	30	17	22
柳珠瑶	190720	37	39	26	10	22
田珍晴	190721	38	40	29	11	26
水依一	190722	38	38	28	18	27
漩憧	190723	39	40	27	17	24
舒寒时	190724	39	35	25	12	21
朱轮茜	190725	37	44	26	17	22
霍丽允	190726	39	40	28	16	23
支雪惠	190727	44	45	28	11	20
殷艺影	190728	38	45	29	11	26
黄荔奕	190729	36	43	28	11	24
常霞婉	190730	39	41	26	13	27
董晨冠	190731	41	37	26	18	28
朱洁悦	190732	36	42	26	10	22
戴夕	190733	42	45	26	13	30
岑舒婕	190734	38	42	27	10	23
昝源叶	190735	45	37	28	16	27
刁晶娜	190736	35	36	27	17	28
庞融	190737	40	41	27	10	22
郎雪策	190801	43	44	30	18	29
姜欣雨	190802	42	43	27	17	29
钱青	190803	44	44	24	15	20
严启爽	190804	45	36	24	10	22
魏怡航	190805	37	42	27	12	25
苏枫英	190806	39	38	24	16	21
姚娅思	190807	36	42	28	18	30
贾德柔	190808	43	35	30	18	30
蔡榕慧	190809	45	45	25	17	26
张宏和	190810	41	40	28	17	28
蔡爱璐	190811	37	40	26	17	28
项芳凡	190812	45	36	27	11	26
施可源	190813	42	42	24	17	22
谢倩全	190814	43	41	29	13	23
强馨乐	190815	44	37	27	16	24
金佳婉	190816	43	41	24	10	27
毕朋美	190817	41	39	26	16	24
蔡飘伊	190818	39	35	27	15	29
李英克	190819	40	40	25	18	22
邱薇	190820	42	35	27	10	30
和芝琛	190821	37	35	26	10	27
戚环	190822	45	42	29	11	26
韩嫣	190823	45	37	28	16	22
韩琦	190824	37	43	29	10	27
张筠	190825	37	37	27	10	26
严艺斌	190826	38	37	28	16	21
李璧柔	190827	42	38	26	10	20
谢黛佩	190828	38	45	28	16	23
云柔英	190829	43	42	24	13	29
王美镇	190830	35	36	30	10	21
孔澜珍	190831	35	42	28	11	20
娄珍枫	190832	35	39	24	16	30
马冰钧	190833	45	36	26	15	30
冯玉玲	190834	44	43	30	11	23
卞香	190835	36	43	28	14	22
黄树佳	190836	38	45	30	13	25
舒晓宇	190901	41	44	25	11	23
贝全媛	190902	35	43	30	10	22
倪鹏浩	190903	45	35	28	16	20
林怡晓	190904	43	35	29	12	26
喻策怡	190905	45	40	27	12	29
萧柔	190906	36	40	30	17	27
霍可泓	190907	43	39	29	16	30
黄建文	190908	40	38	27	11	24
昝漩素	190909	38	38	28	16	20
施瑶筠	190910	38	36	25	17	20
和悦	190911	36	36	24	16	25
姚士澜	190912	44	45	25	18	28
水英泓	190913	43	35	25	13	30
窦怡漩	190914	41	39	29	16	29
何娅涵	190915	42	36	26	15	27
云淳弘	190916	37	39	28	16	26
梅建镇	190917	39	43	28	14	24
葛泰	190918	38	38	24	18	26
尹瑶芳	190919	43	35	27	17	21
骆楠家	190920	35	41	27	14	23
孔朋冰	190921	40	35	30	13	28
湛璐雪	190922	36	44	28	13	22
卫淇	190923	43	35	27	13	22
滕晗彤	190924	40	39	30	17	25
夏雨菁	190925	41	43	27	10	23
卢丽怡	190926	43	42	24	13	23
尤莹宜	190927	45	45	30	10	23
邵铎爱	190928	45	41	27	12	29
魏渊	190929	39	36	27	14	28
廉淇	190930	40	39	28	17	26
严淑勤	190931	44	38	26	16	24
褚姬先	190932	40	41	25	14	20
高媛美	190933	44	42	27	12	29
韦以乐	191001	38	35	28	10	27
莫时	191002	40	37	25	16	29
朱克士	191003	35	45	29	14	25
席蕊妍	191004	40	41	30	14	26
蔡浩奕	191005	37	45	29	11	26
韦瑶青	191006	40	40	25	15	26
贺伊晴	191007	39	43	25	14	27
齐晶寒	191008	43	36	27	17	26
昌固彤	191009	35	44	24	10	27
伏源纯	191010	43	35	28	12	23
秦佩洁	191011	37	43	26	11	20
蔡吉纨	191012	40	42	30	18	22
谈丹文	191013	35	43	25	12	29
卜晨瑛	191014	41	38	24	16	29
黄斌	191015	35	44	25	16	29
郝瑾	191016	44	37	30	15	29
邱玉凡	191017	44	41	28	14	30
史航美	191018	42	35	29	16	26
梅悦羽	191019	36	39	25	13	20
唐琳芸	191020	35	44	24	13	23
祁园	191021	39	45	30	18	25
余伯	191022	39	41	27	10	29
冯姣眉	191023	38	39	28	17	25
路荷娅	191024	43	40	26	14	25
万卿盛	191025	45	35	27	11	27
闵先全	191026	40	35	28	14	29
闵舒茹	191027	43	40	28	16	21
邱悦泰	191028	44	38	24	11	29
金欢克	191029	38	37	29	17	22
喻凤雪	191030	35	38	26	11	30
萧文梦	191031	44	38	28	15	30
郑惠	191032	38	37	28	10	24
史行月	191033	45	40	24	16	29
殷朋	191034	40	36	28	13	23
费惠琳	191035	39	41	29	16	20
麻纯	191036	41	42	27	15	20
湛琬	191037	35	42	29	10	23
茅全	191038	44	43	29	13	25
黄源	191101	43	43	28	18	25
窦宁枫	191102	35	40	28	17	20
盛倩渊	191103	39	39	28	16	23
邹君	191104	42	36	27	15	23
娄时毓	191105	41	43	24	18	23
邱妍	191106	39	45	28	15	29
元晓美	191107	44	40	24	11	28
臧浩娟	191108	40	35	27	15	29
强佳瑶	191109	42	37	29	17	23
汤霄	191110	39	39	24	11	22
锺澜云	191111	35	41	30	18	24
杜佩玲	191112	40	41	26	10	23
范钧雪	191113	36	43	24	11	21
谈浩荣	191114	39	43	29	11	23
胡茹荔	191115	37	41	29	15	22
卞德	191116	37	36	29	10	27
彭旭德	191117	35	45	25	12	29
锺瑞琳	191118	39	39	29	18	27
杨家	191119	36	45	28	14	21
汤娅	191120	38	39	27	11	27
潘依霄	191121	38	45	29	12	22
郑言羽	191122	42	36	25	11	28
孟素瑶	191123	40	36	25	13	25
阮行	191124	35	43	26	12	24
汤婷宜	191125	44	41	30	12	28
云珠佳	191126	43	42	30	18	29
汤姬婷	191127	45	39	25	14	21
谈玉	191128	41	40	24	11	25
褚清梦	191129	37	40	26	14	26
祝媛	191130	42	37	29	17	21
潘贞冠	191131	38	44	24	17	27
庞娅悦	191132	41	42	24	17	24
颜琦艺	191133	43	41	27	13	28
危铭慧	191134	41	38	24	17	20
虞雨	191135	41	36	30	16	29
倪怡	191136	38	40	24	11	25
杨允薇	191201	38	41	26	12	22
郎雪珊	191202	38	35	28	11	20
彭芸清	191203	39	45	24	13	22
秦婉秋	191204	43	37	25	13	21
臧泽宜	191205	35	41	27	12	21
项美素	191206	45	39	24	15	27
蓝莲致	191207	36	44	29	14	27
伍露	191208	44	40	26	11	25
毛欢翔	191209	44	37	30	15	21
管辰萱	191210	45	45	25	16	26
张薇言	191211	45	41	30	17	20
臧纨	191212	43	42	25	18	22
殷冰君	191213	37	40	24	17	25
姚萱德	191214	37	40	26	15	25
范楠妍	191215	36	35	30	10	24
于雁佳	191216	38	40	25	11	23
邱德亚	191217	41	41	29	12	28
郑维菁	191218	43	44	26	17	29
梁琳泽	191219	40	37	24	12	22
金美	191220	45	38	30	16	21
金时倩	191221	35	35	27	18	21
雷姣	191222	44	45	26	16	21
于倩晴	191223	44	43	27	12	23
屈希航	191224	43	38	25	13	23
沈羽慧	191225	43	38	25	16	26
酆莎蕊	191226	44	37	29	18	30
林影倩	191227	39	44	29	16	29
鲁致钧	191228	41	41	28	18	26
褚雨萍	191229	37	45	25	17	30
窦钊梁	191230	41	44	24	10	28
鲍真悦	191231	38	45	26	16	29
陶一美	191232	36	35	30	18	22
乐妍	191233	40	42	26	12	27
戴亨芳	191234	41	35	30	11	22
褚芝	191235	41	40	26	15	26
褚悦	191236	45	44	28	14	25
麻婕环	191237	41	41	30	16	25
乐柔	191238	38	41	29	11	23
邱琛和	191301	35	42	25	10	27
张寒时	191302	41	39	28	18	23
蔡允亚	191303	35	44	26	14	29
齐梁瑶	191304	35	39	29	18	22
韩瑶浩	191305	39	39	24	13	29
章克镇	191306	35	44	24	18	29
屈元纯	191307	37	45	30	17	29
路华	191308	44	44	29	13	24
柳纨建	191309	45	45	24	18	25
蒋钊素	191310	40	43	27	13	27
闵寒	191311	40	44	28	12	24
夏环苑	191312	43	36	26	10	20
狄鸣灵	191313	38	38	25	16	20
时朗	191314	39	40	27	16	22
任艳	191315	37	38	28	15	27
蒋泽月	191316	41	45	25	14	20
闵美欣	191317	38	44	28	14	23
苏贞艺	191318	45	36	30	13	24
阮莹亨	191319	35	36	28	13	29
茅先	191320	37	39	29	17	21
毕铭茗	191321	40	41	29	11	20
谢怡悦	191322	44	37	24	11	20
闵茜思	191323	42	37	28	14	22
姜梁月	191324	42	44	30	10	27
薛钧媛	191325	42	35	27	11	27
禹贞	191326	43	35	24	13	23
葛宁	191327	39	42	24	13	27
舒香德	191328	36	40	27	18	25
水萍晨	191329	42	40	24	12	24
吕薇洁	191330	35	36	24	11	24
康淑育	191331	41	37	26	17	22
汪镇艳	191332	44	41	28	16	27
茅佳斌	191333	38	37	25	16	23
闵琛	191334	36	40	25	18	20
和琰仪	191335	39	35	25	12	23
韩钧飘	191336	36	45	30	14	30
戴佳悦	191337	37	37	27	18	24
田云	191338	39	36	26	11	22
郎妹	191339	45	43	25	16	26
伏伊莹	191340	35	37	28	13	21
熊珍雁	191401	37	41	29	16	21
邱翰悦	191402	39	38	27	16	26
姚露	191403	38	35	27	12	22
安雄萱	191404	40	44	29	17	30
计琰	191405	35	40	24	16	26
樊叶	191406	38	45	27	15	24
范纨媛	191407	36	36	24	12	25
于爽	191408	42	36	25	16	23
霍琳希	191409	38	44	26	13	26
毛琴亚	191410	39	38	28	18	24
章融羽	191411	45	43	30	11	22
沈纯致	191412	39	39	29	16	27
凌美莉	191413	38	37	27	18	24
莫妍菲	191414	40	39	26	10	26
臧源眉	191415	37	42	30	15	20
王青希	191416	36	41	29	17	28
倪一	191417	35	44	29	17	25
谈朗皑	191418	43	36	28	14	23
夏希文	191419	44	42	29	17	25
刁瑞	191420	37	35	30	11	22
酆贞环	191421	43	35	29	11	20
俞钊珠	191422	44	40	24	16	29
毕朋蓓	191423	44	37	26	17	24
霍露	191424	43	38	27	17	25
张和雪	191425	45	45	27	16	23
卞卿	191426	36	45	27	18	24
骆蓓菁	191427	45	43	25	18	20
余秀莎	191428	36	40	27	14	29
韦锦	191429	41	43	28	14	21
常婕娅	191430	41	45	26	12	29
万君怡	191431	45	45	24	16	23
顾珊	191432	44	45	26	11	27
何柔楠	191501	40	41	25	18	27
马树淳	191502	39	37	30	12	21
萧艳	191503	44	44	26	13	26
乐一涵	191504	42	44	27	17	29
平可楠	191505	35	43	29	17	25
霍鹏	191506	40	37	29	12	20
熊贞筠	191507	35	36	25	11	21
李若琴	191508	40	35	28	15	20
金琰钧	191509	39	40	28	15	20
项羽梦	191510	45	44	24	14	26
安园莹	191511	38	38	28	16	23
康元莹	191512	39	41	27	14	23
倪德美	191513	42	38	29	14	24
吴琳珊	191514	44	41	27	11	26
孙佩莲	191515	43	37	29	12	28
时启朗	191516	35	35	24	13	30
秦素	191517	41	39	30	11	29
严莹先	191518	36	40	28	14	26
方灵晓	191519	44	38	26	12	24
汤弘梦	191520	35	40	26	10	30
伍美昭	191521	42	40	28	12	21
闵艳嘉	191522	38	38	29	18	24
严淑奇	191523	40	44	26	13	23
田钧	191524	44	45	27	18	21
童源德	191525	39	36	24	10	24
邹娅	191526	36	42	29	16	23
高希	191527	39	44	29	10	24
水允兰	191528	38	40	28	15	20
邬菁亚	191529	39	43	25	15	29
麻元奇	191530	42	36	28	15	25
平楠	191531	44	37	29	10	25
高凤	191532	43	45	25	10	23
庞瑶枝	191533	37	41	28	11	30
余荷佩	191534	42	41	24	14	22
凌爽倩	191535	38	35	28	18	27
曹娜晗	191536	39	42	29	16	20
窦清云	191601	41	37	30	10	20
董伊雪	191602	40	40	24	12	30
纪妹亚	191603	40	42	25	14	26
伏凡悦	191604	41	38	29	14	22
郑倩泰	191605	41	44	30	11	29
郑晓沫	191606	42	35	27	12	25
尤露黛	191607	45	42	24	15	28
韦珠	191608	36	43	29	11	20
史维素	191609	36	45	27	18	27
鲍纯瑶	191610	35	42	24	13	23
岑旭亮	191611	43	41	25	12	23
阮风怡	191612	36	45	29	12	21
余琴锦	191613	36	41	25	15	22
任咏梦	191614	41	40	24	18	26
卢朗兰	191615	43	40	30	14	28
伍瑛萍	191616	45	44	25	12	28
尹眉	191617	45	40	26	10	24
支淑	191618	38	38	24	10	26
雷云丹	191619	40	42	25	14	24
华铭锦	191620	39	41	25	16	22
颜行铭	191621	43	39	25	16	25
酆瑶	191622	35	44	27	12	28
薛之荔	191623	42	45	27	18	22
伏美丹	191624	45	45	28	18	27
管元灵	191625	45	44	24	14	22
蔡筠	191626	38	43	28	15	27
闵若	191627	40	42	25	12	21
董姣	191628	40	43	30	14	20
马宜	191629	42	35	24	16	29
尹羽	191630	45	42	27	14	28
郑宜士	191631	37	36	29	14	25
姜毓德	191632	44	44	27	17	27
葛云	180101	50	50	40	24	44
昌悦宁	180102	50	50	37	26	43
卢怡希	180103	50	50	35	26	41
宋丽	180104	50	50	39	27	40
郎霞莉	180105	50	50	38	30	41
祁晶	180106	50	50	39	30	40
霍凝	180107	50	50	37	24	41
皮淳腾	180108	50	50	40	28	40
齐雪	180109	50	50	35	26	41
昌兰霭	180110	50	50	35	29	40
奚锦露	180111	50	50	40	24	42
尤妤婷	180112	50	50	35	27	44
禹时涵	180113	50	50	37	29	42
禹洁悦	180114	50	50	38	25	39
章梁奕	180115	50	50	40	24	42
任轮彤	180116	50	50	35	28	45
强楠	180117	50	50	40	24	45
秦瑗弘	180118	50	50	39	24	43
安晗静	180119	50	50	38	23	39
窦策依	180120	50	50	38	30	40
尹姣欣	180121	50	50	35	30	40
吕枝婷	180122	50	50	36	29	43
颜先茗	180123	50	50	39	29	45
毛婷岚	180124	50	50	36	27	44
昌凡秀	180125	50	50	35	24	42
郎英怡	180126	50	50	40	25	40
湛毓彤	180127	50	50	40	25	40
李静	180128	50	50	38	29	39
盛筠欣	180129	50	50	37	29	44
郭策晗	180130	50	50	35	24	39
茅珍	180131	50	50	40	30	45
邹璧	180132	50	50	39	28	45
时固雄	180133	50	50	37	25	42
尹美雪	180134	50	50	40	25	40
郎之	180201	50	50	36	29	41
茅露嫣	180202	50	50	39	29	43
黄鹏和	180203	50	50	38	27	44
成铭鸣	180204	50	50	36	25	43
苗晨佩	180205	50	50	36	26	40
郭欢瑗	180206	50	50	35	29	39
茅蓉	180207	50	50	36	26	39
郎瑞	180208	50	50	39	24	45
闵琴	180209	50	50	38	28	42
花昭莹	180210	50	50	35	26	42
苏皑霞	180211	50	50	36	28	45
贾珊萱	180212	50	50	40	26	44
章巧	180213	50	50	35	23	42
金翰	180214	50	50	40	27	39
窦仪	180215	50	50	40	25	42
苏榕丹	180216	50	50	35	24	39
韩铭婉	180217	50	50	40	26	45
童文	180218	50	50	35	23	42
陶珍妍	180219	50	50	39	24	40
夏霭	180220	50	50	40	30	44
倪和荔	180221	50	50	37	23	44
纪纯	180222	50	50	40	27	42
黄瑗	180223	50	50	39	29	44
季梦晶	180224	50	50	40	25	40
赵谦	180225	50	50	35	27	39
彭之旭	180226	50	50	37	28	41
张菁	180227	50	50	37	23	42
谈启镇	180228	50	50	37	24	42
安琛薇	180229	50	50	37	28	44
朱晶韵	180230	50	50	39	29	41
伏函英	180231	50	50	38	30	43
钱先皑	180232	50	50	39	27	44
雷滢可	180233	50	50	40	27	45
柏雪	180234	50	50	38	23	41
章娟	180235	50	50	38	23	40
苏瑗	180236	50	50	39	28	44
颜婷	180237	50	50	39	25	43
颜姣瑞	180301	50	50	39	28	39
夏柏鹏	180302	50	50	37	24	43
季岚宏	180303	50	50	38	23	41
倪娟	180304	50	50	35	23	40
蒋涵雪	180305	50	50	35	27	40
常巧丽	180306	50	50	37	30	42
袁黛菲	180307	50	50	39	24	43
戴弘	180308	50	50	37	24	42
孔芳	180309	50	50	38	28	45
纪仪航	180310	50	50	40	25	43
孔钊文	180311	50	50	37	25	41
滕洁宜	180312	50	50	39	29	41
董琛琛	180313	50	50	35	30	44
杜轮	180314	50	50	35	30	41
管栋露	180315	50	50	38	30	40
贺晨	180316	50	50	36	28	40
路琛策	180317	50	50	37	23	45
麻鸣晴	180318	50	50	36	25	42
支洁	180319	50	50	36	28	42
童言婵	180320	50	50	37	25	40
臧琴亨	180321	50	50	35	27	39
支欢	180322	50	50	40	29	41
徐筠	180323	50	50	36	27	39
莫环伯	180324	50	50	36	27	42
时茗	180325	50	50	39	30	43
韩瑛倩	180326	50	50	39	26	43
曹嘉莉	180327	50	50	38	26	42
花行子	180328	50	50	35	25	44
闵英琴	180329	50	50	37	26	43
姜环梦	180330	50	50	38	24	45
阮君云	180331	50	50	37	30	43
邵艺	180332	50	50	38	23	40
昝辰霭	180333	50	50	36	25	45
尤茜妹	180334	50	50	40	29	39
穆雪妹	180401	50	50	38	24	42
蔡爽启	180402	50	50	39	25	40
滕镇眉	180403	50	50	36	29	41
徐飘梦	180404	50	50	40	30	44
俞姬琰	180405	50	50	37	24	43
喻朋	180406	50	50	37	25	42
鲍亨华	180407	50	50	39	27	44
强芸凡	180408	50	50	38	24	42
杨勤思	180409	50	50	37	25	40
柯羽	180410	50	50	38	28	40
花妹	180411	50	50	37	30	44
郭舒	180412	50	50	36	28	40
娄静	180413	50	50	35	23	40
杨时	180414	50	50	37	26	43
费羽若	180415	50	50	39	28	42
朱琳莲	180416	50	50	38	27	44
谢竹倩	180417	50	50	36	30	41
郎翰	180418	50	50	39	27	43
和铎爽	180419	50	50	35	24	43
时璧	180420	50	50	37	24	39
奚清琴	180421	50	50	40	28	45
鲁楠晶	180422	50	50	39	30	44
尤冰荷	180423	50	50	39	25	42
蒋园涵	180424	50	50	38	27	44
柏浩乐	180425	50	50	37	24	39
汤丽茜	180426	50	50	40	30	43
姜婕辰	180427	50	50	38	26	39
滕沫伯	180428	50	50	35	26	42
常咏	180429	50	50	35	30	41
闵璧	180430	50	50	36	27	45
罗薇希	180431	50	50	36	24	43
凤涵	180432	50	50	35	27	41
孔玲聪	180433	50	50	40	27	45
殷雪洁	180434	50	50	39	25	41
钱欢晨	180435	50	50	37	29	40
莫美珍	180501	50	50	38	23	45
方园	180502	50	50	39	23	41
湛翔茜	180503	50	50	40	26	45
奚楠	180504	50	50	36	28	44
施芝瑛	180505	50	50	38	26	40
霍勤婷	180506	50	50	38	23	40
康悦仪	180507	50	50	36	28	45
柏文荷	180508	50	50	37	29	45
祁雪昭	180509	50	50	36	26	44
高琪	180510	50	50	37	30	45
计佳飘	180511	50	50	36	23	39
冯美珍	180512	50	50	40	24	40
童眉朗	180513	50	50	38	26	40
项辰	180514	50	50	37	27	41
梅铎香	180515	50	50	39	24	42
莫融美	180516	50	50	35	26	44
费珊艺	180517	50	50	36	24	41
狄奕	180518	50	50	39	28	43
许固	180519	50	50	38	25	43
凌舒楠	180520	50	50	37	30	39
朱芸	180521	50	50	38	28	43
樊妹勤	180522	50	50	36	28	41
何筠凡	180523	50	50	39	30	45
魏眉蓉	180524	50	50	36	26	43
闵瑶漩	180525	50	50	40	26	39
张希以	180526	50	50	39	29	41
卢菁轮	180527	50	50	37	23	43
蔡航	180528	50	50	38	30	45
卫冰怡	180529	50	50	36	27	45
夏镇钧	180530	50	50	37	28	45
张柔允	180531	50	50	35	30	42
贝珍宏	180532	50	50	39	30	40
屈咏柏	180533	50	50	36	28	40
杜固柏	180534	50	50	40	25	40
乐园	180535	50	50	36	26	42
史淇文	180536	50	50	39	26	44
褚苑轮	180537	50	50	39	25	39
徐铎瑾	180538	50	50	40	25	44
鲍娅	180601	50	50	38	23	45
施乐家	180602	50	50	35	29	43
余文铭	180603	50	50	38	27	44
田贞腾	180604	50	50	37	24	44
毕炎涵	180605	50	50	37	24	41
和斌建	180606	50	50	35	29	41
何冠影	180607	50	50	35	23	45
马婵宜	180608	50	50	39	30	39
支亮纨	180609	50	50	35	28	39
昝栋源	180610	50	50	40	24	43
董玲	180611	50	50	36	24	39
戚炎勤	180612	50	50	38	24	40
吕瑾凡	180613	50	50	35	28	41
明荔启	180614	50	50	39	24	45
蒋融岚	180615	50	50	36	23	40
贾嫣璐	180616	50	50	37	24	40
时茜芸	180617	50	50	36	27	40
盛茗泽	180618	50	50	38	23	40
和克爽	180619	50	50	36	25	39
江泓皑	180620	50	50	39	23	40
郎伊晨	180621	50	50	35	28	42
锺卿辰	180622	50	50	38	30	40
陈风夕	180623	50	50	40	24	39
金以婕	180624	50	50	35	24	44
邱云	180625	50	50	38	30	44
吕琬	180626	50	50	39	25	43
茅艳英	180627	50	50	37	29	43
盛茹	180628	50	50	39	25	45
苏娟柔	180629	50	50	39	24	45
霍之时	180630	50	50	38	23	42
何柏妤	180631	50	50	35	23	43
孙伊旭	180632	50	50	37	25	43
苏镇	180633	50	50	38	23	45
尹德依	180634	50	50	35	23	43
吕佳瑞	180635	50	50	39	23	42
郝霭	180701	50	50	37	27	43
熊瑶怡	180702	50	50	37	28	39
吕一茗	180703	50	50	38	28	41
苏君菲	180704	50	50	38	24	44
项淳	180705	50	50	38	23	42
庞韵	180706	50	50	37	23	40
费彤	180707	50	50	36	29	43
沈影	180708	50	50	40	25	40
林文蕊	180709	50	50	35	30	40
邬惠	180710	50	50	36	27	40
湛兰	180711	50	50	40	27	43
霍英晨	180712	50	50	40	23	39
徐芳奇	180713	50	50	35	27	43
常眉倩	180714	50	50	38	28	40
岑真艳	180715	50	50	36	23	44
邬全瑶	180716	50	50	39	30	42
纪丹影	180717	50	50	35	30	45
雷飘	180718	50	50	40	24	45
童聪	180719	50	50	39	28	42
梅秋影	180720	50	50	40	28	40
夏薇	180721	50	50	35	29	41
许清珍	180722	50	50	40	28	39
徐舒聪	180723	50	50	39	26	45
何泽函	180724	50	50	37	29	40
熊凡琬	180725	50	50	38	26	42
俞玉灵	180726	50	50	40	26	42
郭悦	180727	50	50	40	25	44
韩浩凡	180728	50	50	39	27	41
纪真娟	180729	50	50	40	30	45
苗家	180730	50	50	40	26	39
卞竹	180731	50	50	38	24	45
魏婕	180732	50	50	35	28	40
刁璐夕	180733	50	50	39	29	45
奚妹钧	180734	50	50	35	23	40
计彤聪	180735	50	50	37	23	40
明腾欣	180736	50	50	40	24	45
锺茜	180737	50	50	37	23	40
孟瑛媛	180801	50	50	36	25	43
祁毓	180802	50	50	36	27	39
蓝风	180803	50	50	38	28	40
尤钊妍	180804	50	50	36	30	43
梁旭	180805	50	50	36	26	41
何仪	180806	50	50	36	26	44
樊影克	180807	50	50	39	28	42
于秀镇	180808	50	50	39	29	42
昝瑞柔	180809	50	50	39	23	43
管璧宁	180810	50	50	38	30	41
苗慧元	180811	50	50	40	28	44
路妹	180812	50	50	35	28	45
褚羽婕	180813	50	50	37	24	44
成奕	180814	50	50	39	30	39
章希韵	180815	50	50	36	25	39
郝榕亨	180816	50	50	36	30	39
方晨	180817	50	50	35	24	39
郭云佩	180818	50	50	36	25	41
贾瑶渊	180819	50	50	40	29	43
戚伦	180820	50	50	37	29	43
祝云	180821	50	50	37	26	41
成吉夕	180822	50	50	40	23	39
鲁皑淑	180823	50	50	40	23	41
娄毓	180824	50	50	36	26	41
强岚	180825	50	50	36	23	44
纪先函	180826	50	50	38	27	40
酆伦佩	180827	50	50	36	28	41
邬翰	180828	50	50	36	23	39
林蓉婉	180829	50	50	37	24	43
虞梦	180830	50	50	39	24	43
明莹妹	180831	50	50	35	30	44
卞黛瑞	180832	50	50	37	27	40
张嘉弘	180833	50	50	39	27	41
殷筠柔	180834	50	50	36	23	43
乐雪妍	180835	50	50	38	26	41
尤婉纯	180836	50	50	36	26	40
林盛青	180901	50	50	37	23	40
夏冠	180902	50	50	36	25	44
狄育言	180903	50	50	38	28	41
萧雅琬	180904	50	50	40	25	40
钱若	180905	50	50	36	23	39
穆飘弘	180906	50	50	39	23	40
祁静雪	180907	50	50	40	28	40
谢风	180908	50	50	40	28	44
胡茗渊	180909	50	50	37	30	43
伍希莹	180910	50	50	38	30	43
岑晓枝	180911	50	50	40	29	39
昌旭	180912	50	50	36	25	39
狄影奇	180913	50	50	36	27	40
童环时	180914	50	50	40	26	45
禹梁宏	180915	50	50	37	28	39
罗英珊	180916	50	50	39	26	44
卜亮	180917	50	50	39	25	41
项舒宏	180918	50	50	40	27	43
鲁丹晴	180919	50	50	39	28	44
席希固	180920	50	50	38	26	45
支嘉怡	180921	50	50	39	29	44
纪宏	180922	50	50	36	30	39
贝芸	180923	50	50	37	24	43
周瑶元	180924	50	50	38	25	45
孟宏	180925	50	50	40	26	44
苏旭凡	180926	50	50	38	26	41
万纯	180927	50	50	39	27	40
舒憧文	180928	50	50	38	27	39
茅泓时	180929	50	50	37	25	39
淇	180930	50	50	35	28	42
方凡	180931	50	50	36	24	41
锺悦萱	180932	50	50	40	30	43
计琦一	180933	50	50	39	24	42
尹亨咏	181001	50	50	40	29	41
奚希嘉	181002	50	50	38	26	43
熊薇言	181003	50	50	36	23	44
柳启腾	181004	50	50	39	23	42
戚真	181005	50	50	36	24	39
水树辰	181006	50	50	36	27	41
李竹全	181007	50	50	40	23	39
纪霭依	181008	50	50	37	26	43
汤家琳	181009	50	50	40	28	39
万嫣琦	181010	50	50	36	23	40
孟月	181011	50	50	38	26	42
米奇园	181012	50	50	35	29	41
岑融榕	181013	50	50	36	27	39
季轮香	181014	50	50	38	30	41
童行华	181015	50	50	38	26	44
熊和静	181016	50	50	37	28	42
季朗策	181017	50	50	38	23	45
麻倩	181018	50	50	36	27	39
毛翔炎	181019	50	50	37	26	42
麻悦	181020	50	50	37	25	41
季茗雄	181021	50	50	35	25	42
窦希婵	181022	50	50	39	26	39
和华鸣	181023	50	50	40	28	39
刁轮	181024	50	50	38	29	39
计斌珍	181025	50	50	35	28	45
柏先元	181026	50	50	40	30	43
花莲渊	181027	50	50	39	27	41
卞克媛	181028	50	50	36	30	39
罗露	181029	50	50	40	28	42
苗淳咏	181030	50	50	35	27	39
水玲瑶	181031	50	50	38	27	42
童妍	181032	50	50	36	28	45
臧澜	181033	50	50	40	28	45
水环	181034	50	50	39	27	39
柳策	181035	50	50	38	24	43
吴月悦	181036	50	50	39	25	44
金悦先	181037	50	50	40	26	41
滕云卿	181038	50	50	37	25	41
魏腾雪	181101	50	50	37	23	42
吕柏婷	181102	50	50	37	23	39
花妍钊	181103	50	50	35	28	41
陈岚媛	181104	50	50	35	24	41
卞琦	181105	50	50	37	30	43
鲍蕊枝	181106	50	50	35	29	43
祝宜欢	181107	50	50	35	27	40
费岚依	181108	50	50	38	26	43
凤行淇	181109	50	50	37	23	41
马启欣	181110	50	50	35	27	44
虞泓丽	181111	50	50	40	27	39
樊怡夕	181112	50	50	35	25	40
林倩琰	181113	50	50	38	29	45
平晨	181114	50	50	38	29	41
湛琬卿	181115	50	50	36	25	45
柯雪嘉	181116	50	50	36	28	40
高维	181117	50	50	37	23	40
虞丽	181118	50	50	38	23	39
姜怡	181119	50	50	40	30	43
乐树惠	181120	50	50	37	27	44
万悦	181121	50	50	38	30	39
苗凡	181122	50	50	35	25	43
赵依梦	181123	50	50	35	27	45
马梁	181124	50	50	39	27	39
凌月腾	181125	50	50	35	25	44
罗霄倩	181126	50	50	35	24	44
章泓鹏	181127	50	50	36	27	42
袁行	181128	50	50	36	27	42
万奇珍	181129	50	50	36	29	44
骆源	181130	50	50	40	26	45
卫斌寒	181131	50	50	35	23	41
陈丽	181132	50	50	38	30	41
于飘卿	181133	50	50	35	23	41
潘梦嘉	181134	50	50	35	27	45
莫贞	181135	50	50	36	25	41
陈娴	181136	50	50	40	29	43
傅琴	181201	50	50	36	24	42
柏昭	181202	50	50	40	23	39
郭静真	181203	50	50	35	29	40
季媛嫣	181204	50	50	39	24	42
花乐琴	181205	50	50	35	29	40
潘瑶月	181206	50	50	40	24	41
岑影维	181207	50	50	36	24	45
茅盛	181208	50	50	36	30	44
熊苑	181209	50	50	37	25	42
俞悦	181210	50	50	39	28	45
谈伯依	181211	50	50	40	25	42
陶清	181212	50	50	36	28	42
奚瑶	181213	50	50	37	25	40
酆怡	181214	50	50	39	24	42
何瑗佳	181215	50	50	38	26	44
章雪馨	181216	50	50	36	28	41
鲍珍冰	181217	50	50	38	28	42
章慧舒	181218	50	50	35	30	42
李贞婷	181219	50	50	35	27	42
昌悦	181220	50	50	36	27	44
秦希美	181221	50	50	37	27	43
米丹怡	181222	50	50	39	27	44
管梁瑶	181223	50	50	40	24	44
于希妍	181224	50	50	35	26	40
葛子凝	181225	50	50	36	24	39
郎莎惠	181226	50	50	39	27	41
华冠	181227	50	50	38	28	40
秦薇	181228	50	50	36	23	45
殷晴彤	181229	50	50	37	26	39
戚之枫	181230	50	50	39	27	41
于咏媛	181231	50	50	39	29	42
贝钧希	181232	50	50	35	24	41
汪美莉	181233	50	50	35	27	40
骆茜姣	181234	50	50	38	27	44
郑瑶	181235	50	50	40	23	41
蓝巧函	181236	50	50	36	23	41
盛希	181237	50	50	38	26	42
萧茹苑	181238	50	50	35	29	44
邬贞芳	181301	50	50	40	27	44
史真浩	181302	50	50	39	25	40
于辰	181303	50	50	37	26	44
危秀炎	181304	50	50	38	25	40
成雅	181305	50	50	36	24	45
秦颖澜	181306	50	50	35	28	39
杨淇栋	181307	50	50	39	25	44
任克莹	181308	50	50	38	27	41
韩君婕	181309	50	50	37	24	39
蔡融	181310	50	50	40	24	40
江盛	181311	50	50	38	24	42
董云佩	181312	50	50	36	29	45
郎珍佳	181313	50	50	39	27	41
孙滢依	181314	50	50	40	23	42
孔萍乐	181315	50	50	39	26	39
华霞希	181316	50	50	36	26	43
茅淇彤	181317	50	50	36	24	45
苏全	181318	50	50	35	24	42
常全子	181319	50	50	40	25	43
安克	181320	50	50	38	26	45
伏霞叶	181321	50	50	37	26	40
袁姣	181322	50	50	36	23	41
郭云宁	181323	50	50	39	29	45
米奇亚	181324	50	50	40	25	42
尤纯伦	181325	50	50	38	28	41
顾清	181326	50	50	40	24	39
许仪树	181327	50	50	38	28	41
王彤冰	181328	50	50	36	28	39
田枫琳	181329	50	50	35	23	41
郑舒	181330	50	50	36	24	40
董霄颖	181331	50	50	35	28	41
蕊轮	181332	50	50	40	25	41
孔荔倩	181333	50	50	35	27	44
锺莉	181334	50	50	40	23	44
安琳韵	181335	50	50	37	27	40
云亮纯	181336	50	50	40	24	44
皮秋	181337	50	50	36	23	45
乐乐欣	181338	50	50	35	29	39
卢辰颖	181339	50	50	35	25	40
金羽	181340	50	50	38	24	43
旭	181401	50	50	39	27	42
蒋薇琳	181402	50	50	36	24	43
吴寒	181403	50	50	38	25	43
皮莉娴	181404	50	50	38	30	43
邹莹青	181405	50	50	37	25	40
蓝思	181406	50	50	37	27	45
卜荣炎	181407	50	50	36	29	43
葛艺影	181408	50	50	35	26	40
章凤霞	181409	50	50	39	23	39
邹娅行	181410	50	50	37	26	42
郑渊克	181411	50	50	37	29	40
郎宜梦	181412	50	50	36	28	39
于可	181413	50	50	39	28	43
邱瑾荷	181414	50	50	40	28	44
葛枫	181415	50	50	36	23	45
毛蓉静	181416	50	50	37	28	42
戚朗	181417	50	50	40	27	44
戚园凤	181418	50	50	38	24	42
毛影	181419	50	50	40	23	45
危弘奕	181420	50	50	37	25	39
尤枝玉	181421	50	50	37	25	39
吕琬丽	181422	50	50	38	26	43
虞菁	181423	50	50	40	28	41
茅瑗琴	181424	50	50	39	28	43
褚环宁	181425	50	50	38	26	42
奚元丽	181426	50	50	37	28	44
乐丽	181427	50	50	40	29	44
夏育黛	181428	50	50	39	23	45
贺雪	181429	50	50	40	25	43
危琪	181430	50	50	40	26	43
郑思	181431	50	50	40	28	44
徐欢婵	181432	50	50	35	28	40
邬枝枝	181501	50	50	39	25	42
舒宁锦	181502	50	50	36	24	44
霍素思	181503	50	50	35	30	39
臧怡露	181504	50	50	39	27	43
齐娅苑	181505	50	50	36	24	40
姚瑶嘉	181506	50	50	40	27	40
郑炎辰	181507	50	50	39	27	40
鲍莉倩	181508	50	50	35	26	45
骆璧	181509	50	50	40	27	45
孔嘉思	181510	50	50	38	27	40
支叶丽	181511	50	50	40	26	43
明淳飘	181512	50	50	38	29	42
米霞	181513	50	50	39	28	44
花惠雁	181514	50	50	35	30	43
宋旭	181515	50	50	38	24	41
江珠之	181516	50	50	40	30	45
罗珊克	181517	50	50	37	25	44
卞雅	181518	50	50	37	28	41
金泓朋	181519	50	50	35	25	39
董怡玲	181520	50	50	35	24	45
安弘	181521	50	50	37	24	45
凌希	181522	50	50	38	30	45
卞娜芳	181523	50	50	37	30	44
姜月维	181524	50	49	39	25	39
麻建艺	181525	50	50	40	30	43
凤炎	181526	50	50	40	29	44
戴珍枝	181527	50	50	37	26	39
齐苑	181528	50	50	36	25	45
明憧吉	181529	49	50	39	26	42
郝妍	181530	50	50	39	23	45
祁亨轮	181531	50	50	39	29	39
康丹薇	181532	50	50	38	30	45
霍琴	181533	50	50	39	27	45
华辰	181534	50	50	37	23	40
尹先雅	181535	50	50	36	23	40
昝妍琳	181536	50	50	37	27	45
王娴瑞	181601	50	50	40	28	43
鲁元风	181602	50	50	38	26	41
屈婷	181603	50	49	37	26	44
夏羽丹	181604	50	50	39	24	41
童固	181605	50	50	36	26	43
吴宁姬	181606	50	50	35	24	41
元奕	181607	50	50	38	28	40
卫泽珍	181608	50	50	36	27	40
陈怡婉	181609	50	50	40	27	42
苏舒晓	181610	50	50	35	24	41
梁晴钧	181611	50	50	39	29	40
童之	181612	50	50	35	24	42
林佩	181613	50	50	39	24	42
冯思	181614	50	50	36	27	41
童苑勤	181615	50	50	36	30	39
纪晨	181616	50	50	40	29	39
郝眉晴	181617	50	50	40	29	42
伏泓	181618	50	50	38	23	41
贺慧云	181619	50	50	40	25	40
湛斌怡	181620	50	50	39	29	40
管露妤	181621	50	50	39	25	40
杜浩梦	181622	50	50	36	30	39
蔡瑗	181623	50	50	40	29	41
秦源铎	181624	50	50	38	26	45
夏昭	181625	50	50	40	24	43
戴珍	181626	50	50	39	27	40
凤珍	181627	50	50	39	27	44
柏毓	181628	50	50	36	28	41
熊憧炎	181629	50	50	36	24	45
祝亮莹	181630	50	50	39	26	40
昌浩莹	181631	50	50	35	29	43
费克香	181632	50	50	35	24	41