210101 210101
210102 210102
210103 210103
210104 210104
210105 210105
210106 210106
210107 210107
210108 210108
210109 210109
210110 210110
210111 210111
210112 210112
210113 210113
210114 210114
210115 210115
210116 210116
210117 210117
210118 210118
210119 210119
210120 210120
210121 210121
210122 210122
210123 210123
210124 210124
210125 210125
210126 210126
210127 210127
210128 210128
210129 210129
210130 210130
210131 210131
210132 210132
210133 210133
210134 210134
210201 210201
210202 210202
210203 210203
210204 210204
210205 210205
210206 210206
210207 210207
210208 210208
210209 210209
210210 210210
210211 210211
210212 210212
210213 210213
210214 210214
210215 210215
210216 210216
210217 210217
210218 210218
210219 210219
210220 210220
210221 210221
210222 210222
210223 210223
210224 210224
210225 210225
210226 210226
210227 210227
210228 210228
210229 210229
210230 210230
210231 210231
210232 210232
210233 210233
210234 210234
210235 210235
210236 210236
210237 210237
210301 210301
210302 210302
210303 210303
210304 210304
210305 210305
210306 210306
210307 210307
210308 210308
210309 210309
210310 210310
210311 210311
210312 210312
210313 210313
210314 210314
210315 210315
210316 210316
210317 210317
210318 210318
210319 210319
210320 210320
210321 210321
210322 210322
210323 210323
210324 210324
210325 210325
210326 210326
210327 210327
210328 210328
210329 210329
210330 210330
210331 210331
210332 210332
210333 210333
210334 210334
210401 210401
210402 210402
210403 210403
210404 210404
210405 210405
210406 210406
210407 210407
210408 210408
210409 210409
210410 210410
210411 210411
210412 210412
210413 210413
210414 210414
210415 210415
210416 210416
210417 210417
210418 210418
210419 210419
210420 210420
210421 210421
210422 210422
210423 210423
210424 210424
210425 210425
210426 210426
210427 210427
210428 210428
210429 210429
210430 210430
210431 210431
210432 210432
210433 210433
210434 210434
210435 210435
210501 210501
210502 210502
210503 210503
210504 210504
210505 210505
210506 210506
210507 210507
210508 210508
210509 210509
210510 210510
210511 210511
210512 210512
210513 210513
210514 210514
210515 210515
210516 210516
210517 210517
210518 210518
210519 210519
210520 210520
210521 210521
210522 210522
210523 210523
210524 210524
210525 210525
210526 210526
210527 210527
210528 210528
210529 210529
210530 210530
210531 210531
210532 210532
210533 210533
210534 210534
210535 210535
210536 210536
210537 210537
210538 210538
210601 210601
210602 210602
210603 210603
210604 210604
210605 210605
210606 210606
210607 210607
210608 210608
210609 210609
210610 210610
210611 210611
210612 210612
210613 210613
210614 210614
210615 210615
210616 210616
210617 210617
210618 210618
210619 210619
210620 210620
210621 210621
210622 210622
210623 210623
210624 210624
210625 210625
210626 210626
210627 210627
210628 210628
210629 210629
210630 210630
210631 210631
210632 210632
210633 210633
210634 210634
210635 210635
210701 210701
210702 210702
210703 210703
210704 210704
210705 210705
210706 210706
210707 210707
210708 210708
210709 210709
210710 210710
210711 210711
210712 210712
210713 210713
210714 210714
210715 210715
210716 210716
210717 210717
210718 210718
210719 210719
210720 210720
210721 210721
210722 210722
210723 210723
210724 210724
210725 210725
210726 210726
210727 210727
210728 210728
210729 210729
210730 210730
210731 210731
210732 210732
210733 210733
210734 210734
210735 210735
210736 210736
210737 210737
210801 210801
210802 210802
210803 210803
210804 210804
210805 210805
210806 210806
210807 210807
210808 210808
210809 210809
210810 210810
210811 210811
210812 210812
210813 210813
210814 210814
210815 210815
210816 210816
210817 210817
210818 210818
210819 210819
210820 210820
210821 210821
210822 210822
210823 210823
210824 210824
210825 210825
210826 210826
210827 210827
210828 210828
210829 210829
210830 210830
210831 210831
210832 210832
210833 210833
210834 210834
210835 210835
210836 210836
210901 210901
210902 210902
210903 210903
210904 210904
210905 210905
210906 210906
210907 210907
210908 210908
210909 210909
210910 210910
210911 210911
210912 210912
210913 210913
210914 210914
210915 210915
210916 210916
210917 210917
210918 210918
210919 210919
210920 210920
210921 210921
210922 210922
210923 210923
210924 210924
210925 210925
210926 210926
210927 210927
210928 210928
210929 210929
210930 210930
210931 210931
210932 210932
210933 210933
211001 211001
211002 211002
211003 211003
211004 211004
211005 211005
211006 211006
211007 211007
211008 211008
211009 211009
211010 211010
211011 211011
211012 211012
211013 211013
211014 211014
211015 211015
211016 211016
211017 211017
211018 211018
211019 211019
211020 211020
211021 211021
211022 211022
211023 211023
211024 211024
211025 211025
211026 211026
211027 211027
211028 211028
211029 211029
211030 211030
211031 211031
211032 211032
211033 211033
211034 211034
211035 211035
211036 211036
211037 211037
211038 211038
211101 211101
211102 211102
211103 211103
211104 211104
211105 211105
211106 211106
211107 211107
211108 211108
211109 211109
211110 211110
211111 211111
211112 211112
211113 211113
211114 211114
211115 211115
211116 211116
211117 211117
211118 211118
211119 211119
211120 211120
211121 211121
211122 211122
211123 211123
211124 211124
211125 211125
211126 211126
211127 211127
211128 211128
211129 211129
211130 211130
211131 211131
211132 211132
211133 211133
211134 211134
211135 211135
211136 211136
211201 211201
211202 211202
211203 211203
211204 211204
211205 211205
211206 211206
211207 211207
211208 211208
211209 211209
211210 211210
211211 211211
211212 211212
211213 211213
211214 211214
211215 211215
211216 211216
211217 211217
211218 211218
211219 211219
211220 211220
211221 211221
211222 211222
211223 211223
211224 211224
211225 211225
211226 211226
211227 211227
211228 211228
211229 211229
211230 211230
211231 211231
211232 211232
211233 211233
211234 211234
211235 211235
211236 211236
211237 211237
211238 211238
211301 211301
211302 211302
211303 211303
211304 211304
211305 211305
211306 211306
211307 211307
211308 211308
211309 211309
211310 211310
211311 211311
211312 211312
211313 211313
211314 211314
211315 211315
211316 211316
211317 211317
211318 211318
211319 211319
211320 211320
211321 211321
211322 211322
211323 211323
211324 211324
211325 211325
211326 211326
211327 211327
211328 211328
211329 211329
211330 211330
211331 211331
211332 211332
211333 211333
211334 211334
211335 211335
211336 211336
211337 211337
211338 211338
211339 211339
211340 211340
211401 211401
211402 211402
211403 211403
211404 211404
211405 211405
211406 211406
211407 211407
211408 211408
211409 211409
211410 211410
211411 211411
211412 211412
211413 211413
211414 211414
211415 211415
211416 211416
211417 211417
211418 211418
211419 211419
211420 211420
211421 211421
211422 211422
211423 211423
211424 211424
211425 211425
211426 211426
211427 211427
211428 211428
211429 211429
211430 211430
211431 211431
211432 211432
211501 211501
211502 211502
211503 211503
211504 211504
211505 211505
211506 211506
211507 211507
211508 211508
211509 211509
211510 211510
211511 211511
211512 211512
211513 211513
211514 211514
211515 211515
211516 211516
211517 211517
211518 211518
211519 211519
211520 211520
211521 211521
211522 211522
211523 211523
211524 211524
211525 211525
211526 211526
211527 211527
211528 211528
211529 211529
211530 211530
211531 211531
211532 211532
211533 211533
211534 211534
211535 211535
211536 211536
211601 211601
211602 211602
211603 211603
211604 211604
211605 211605
211606 211606
211607 211607
211608 211608
211609 211609
211610 211610
211611 211611
211612 211612
211613 211613
211614 211614
211615 211615
211616 211616
211617 211617
211618 211618
211619 211619
211620 211620
211621 211621
211622 211622
211623 211623
211624 211624
211625 211625
211626 211626
211627 211627
211628 211628
211629 211629
211630 211630
211631 211631
211632 211632
200101 200101
200102 200102
200103 200103
200104 200104
200105 200105
200106 200106
200107 200107
200108 200108
200109 200109
200110 200110
200111 200111
200112 200112
200113 200113
200114 200114
200115 200115
200116 200116
200117 200117
200118 200118
200119 200119
200120 200120
200121 200121
200122 200122
200123 200123
200124 200124
200125 200125
200126 200126
200127 200127
200128 200128
200129 200129
200130 200130
200131 200131
200132 200132
200133 200133
200134 200134
200201 200201
200202 200202
200203 200203
200204 200204
200205 200205
200206 200206
200207 200207
200208 200208
200209 200209
200210 200210
200211 200211
200212 200212
200213 200213
200214 200214
200215 200215
200216 200216
200217 200217
200218 200218
200219 200219
200220 200220
200221 200221
200222 200222
200223 200223
200224 200224
200225 200225
200226 200226
200227 200227
200228 200228
200229 200229
200230 200230
200231 200231
200232 200232
200233 200233
200234 200234
200235 200235
200236 200236
200237 200237
200301 200301
200302 200302
200303 200303
200304 200304
200305 200305
200306 200306
200307 200307
200308 200308
200309 200309
200310 200310
200311 200311
200312 200312
200313 200313
200314 200314
200315 200315
200316 200316
200317 200317
200318 200318
200319 200319
200320 200320
200321 200321
200322 200322
200323 200323
200324 200324
200325 200325
200326 200326
200327 200327
200328 200328
200329 200329
200330 200330
200331 200331
200332 200332
200333 200333
200334 200334
200401 200401
200402 200402
200403 200403
200404 200404
200405 200405
200406 200406
200407 200407
200408 200408
200409 200409
200410 200410
200411 200411
200412 200412
200413 200413
200414 200414
200415 200415
200416 200416
200417 200417
200418 200418
200419 200419
200420 200420
200421 200421
200422 200422
200423 200423
200424 200424
200425 200425
200426 200426
200427 200427
200428 200428
200429 200429
200430 200430
200431 200431
200432 200432
200433 200433
200434 200434
200435 200435
200501 200501
200502 200502
200503 200503
200504 200504
200505 200505
200506 200506
200507 200507
200508 200508
200509 200509
200510 200510
200511 200511
200512 200512
200513 200513
200514 200514
200515 200515
200516 200516
200517 200517
200518 200518
200519 200519
200520 200520
200521 200521
200522 200522
200523 200523
200524 200524
200525 200525
200526 200526
200527 200527
200528 200528
200529 200529
200530 200530
200531 200531
200532 200532
200533 200533
200534 200534
200535 200535
200536 200536
200537 200537
200538 200538
200601 200601
200602 200602
200603 200603
200604 200604
200605 200605
200606 200606
200607 200607
200608 200608
200609 200609
200610 200610
200611 200611
200612 200612
200613 200613
200614 200614
200615 200615
200616 200616
200617 200617
200618 200618
200619 200619
200620 200620
200621 200621
200622 200622
200623 200623
200624 200624
200625 200625
200626 200626
200627 200627
200628 200628
200629 200629
200630 200630
200631 200631
200632 200632
200633 200633
200634 200634
200635 200635
200701 200701
200702 200702
200703 200703
200704 200704
200705 200705
200706 200706
200707 200707
200708 200708
200709 200709
200710 200710
200711 200711
200712 200712
200713 200713
200714 200714
200715 200715
200716 200716
200717 200717
200718 200718
200719 200719
200720 200720
200721 200721
200722 200722
200723 200723
200724 200724
200725 200725
200726 200726
200727 200727
200728 200728
200729 200729
200730 200730
200731 200731
200732 200732
200733 200733
200734 200734
200735 200735
200736 200736
200737 200737
200801 200801
200802 200802
200803 200803
200804 200804
200805 200805
200806 200806
200807 200807
200808 200808
200809 200809
200810 200810
200811 200811
200812 200812
200813 200813
200814 200814
200815 200815
200816 200816
200817 200817
200818 200818
200819 200819
200820 200820
200821 200821
200822 200822
200823 200823
200824 200824
200825 200825
200826 200826
200827 200827
200828 200828
200829 200829
200830 200830
200831 200831
200832 200832
200833 200833
200834 200834
200835 200835
200836 200836
200901 200901
200902 200902
200903 200903
200904 200904
200905 200905
200906 200906
200907 200907
200908 200908
200909 200909
200910 200910
200911 200911
200912 200912
200913 200913
200914 200914
200915 200915
200916 200916
200917 200917
200918 200918
200919 200919
200920 200920
200921 200921
200922 200922
200923 200923
200924 200924
200925 200925
200926 200926
200927 200927
200928 200928
200929 200929
200930 200930
200931 200931
200932 200932
200933 200933
201001 201001
201002 201002
201003 201003
201004 201004
201005 201005
201006 201006
201007 201007
201008 201008
201009 201009
201010 201010
201011 201011
201012 201012
201013 201013
201014 201014
201015 201015
201016 201016
201017 201017
201018 201018
201019 201019
201020 201020
201021 201021
201022 201022
201023 201023
201024 201024
201025 201025
201026 201026
201027 201027
201028 201028
201029 201029
201030 201030
201031 201031
201032 201032
201033 201033
201034 201034
201035 201035
201036 201036
201037 201037
201038 201038
201101 201101
201102 201102
201103 201103
201104 201104
201105 201105
201106 201106
201107 201107
201108 201108
201109 201109
201110 201110
201111 201111
201112 201112
201113 201113
201114 201114
201115 201115
201116 201116
201117 201117
201118 201118
201119 201119
201120 201120
201121 201121
201122 201122
201123 201123
201124 201124
201125 201125
201126 201126
201127 201127
201128 201128
201129 201129
201130 201130
201131 201131
201132 201132
201133 201133
201134 201134
201135 201135
201136 201136
201201 201201
201202 201202
201203 201203
201204 201204
201205 201205
201206 201206
201207 201207
201208 201208
201209 201209
201210 201210
201211 201211
201212 201212
201213 201213
201214 201214
201215 201215
201216 201216
201217 201217
201218 201218
201219 201219
201220 201220
201221 201221
201222 201222
201223 201223
201224 201224
201225 201225
201226 201226
201227 201227
201228 201228
201229 201229
201230 201230
201231 201231
201232 201232
201233 201233
201234 201234
201235 201235
201236 201236
201237 201237
201238 201238
201301 201301
201302 201302
201303 201303
201304 201304
201305 201305
201306 201306
201307 201307
201308 201308
201309 201309
201310 201310
201311 201311
201312 201312
201313 201313
201314 201314
201315 201315
201316 201316
201317 201317
201318 201318
201319 201319
201320 201320
201321 201321
201322 201322
201323 201323
201324 201324
201325 201325
201326 201326
201327 201327
201328 201328
201329 201329
201330 201330
201331 201331
201332 201332
201333 201333
201334 201334
201335 201335
201336 201336
201337 201337
201338 201338
201339 201339
201340 201340
201401 201401
201402 201402
201403 201403
201404 201404
201405 201405
201406 201406
201407 201407
201408 201408
201409 201409
201410 201410
201411 201411
201412 201412
201413 201413
201414 201414
201415 201415
201416 201416
201417 201417
201418 201418
201419 201419
201420 201420
201421 201421
201422 201422
201423 201423
201424 201424
201425 201425
201426 201426
201427 201427
201428 201428
201429 201429
201430 201430
201431 201431
201432 201432
201501 201501
201502 201502
201503 201503
201504 201504
201505 201505
201506 201506
201507 201507
201508 201508
201509 201509
201510 201510
201511 201511
201512 201512
201513 201513
201514 201514
201515 201515
201516 201516
201517 201517
201518 201518
201519 201519
201520 201520
201521 201521
201522 201522
201523 201523
201524 201524
201525 201525
201526 201526
201527 201527
201528 201528
201529 201529
201530 201530
201531 201531
201532 201532
201533 201533
201534 201534
201535 201535
201536 201536
201601 201601
201602 201602
201603 201603
201604 201604
201605 201605
201606 201606
201607 201607
201608 201608
201609 201609
201610 201610
201611 201611
201612 201612
201613 201613
201614 201614
201615 201615
201616 201616
201617 201617
201618 201618
201619 201619
201620 201620
201621 201621
201622 201622
201623 201623
201624 201624
201625 201625
201626 201626
201627 201627
201628 201628
201629 201629
201630 201630
201631 201631
201632 201632
190101 190101
190102 190102
190103 190103
190104 190104
190105 190105
190106 190106
190107 190107
190108 190108
190109 190109
190110 190110
190111 190111
190112 190112
190113 190113
190114 190114
190115 190115
190116 190116
190117 190117
190118 190118
190119 190119
190120 190120
190121 190121
190122 190122
190123 190123
190124 190124
190125 190125
190126 190126
190127 190127
190128 190128
190129 190129
190130 190130
190131 190131
190132 190132
190133 190133
190134 190134
190201 190201
190202 190202
190203 190203
190204 190204
190205 190205
190206 190206
190207 190207
190208 190208
190209 190209
190210 190210
190211 190211
190212 190212
190213 190213
190214 190214
190215 190215
190216 190216
190217 190217
190218 190218
190219 190219
190220 190220
190221 190221
190222 190222
190223 190223
190224 190224
190225 190225
190226 190226
190227 190227
190228 190228
190229 190229
190230 190230
190231 190231
190232 190232
190233 190233
190234 190234
190235 190235
190236 190236
190237 190237
190301 190301
190302 190302
190303 190303
190304 190304
190305 190305
190306 190306
190307 190307
190308 190308
190309 190309
190310 190310
190311 190311
190312 190312
190313 190313
190314 190314
190315 190315
190316 190316
190317 190317
190318 190318
190319 190319
190320 190320
190321 190321
190322 190322
190323 190323
190324 190324
190325 190325
190326 190326
190327 190327
190328 190328
190329 190329
190330 190330
190331 190331
190332 190332
190333 190333
190334 190334
190401 190401
190402 190402
190403 190403
190404 190404
190405 190405
190406 190406
190407 190407
190408 190408
190409 190409
190410 190410
190411 190411
190412 190412
190413 190413
190414 190414
190415 190415
190416 190416
190417 190417
190418 190418
190419 190419
190420 190420
190421 190421
190422 190422
190423 190423
190424 190424
190425 190425
190426 190426
190427 190427
190428 190428
190429 190429
190430 190430
190431 190431
190432 190432
190433 190433
190434 190434
190435 190435
190501 190501
190502 190502
190503 190503
190504 190504
190505 190505
190506 190506
190507 190507
190508 190508
190509 190509
190510 190510
190511 190511
190512 190512
190513 190513
190514 190514
190515 190515
190516 190516
190517 190517
190518 190518
190519 190519
190520 190520
190521 190521
190522 190522
190523 190523
190524 190524
190525 190525
190526 190526
190527 190527
190528 190528
190529 190529
190530 190530
190531 190531
190532 190532
190533 190533
190534 190534
190535 190535
190536 190536
190537 190537
190538 190538
190601 190601
190602 190602
190603 190603
190604 190604
190605 190605
190606 190606
190607 190607
190608 190608
190609 190609
190610 190610
190611 190611
190612 190612
190613 190613
190614 190614
190615 190615
190616 190616
190617 190617
190618 190618
190619 190619
190620 190620
190621 190621
190622 190622
190623 190623
190624 190624
190625 190625
190626 190626
190627 190627
190628 190628
190629 190629
190630 190630
190631 190631
190632 190632
190633 190633
190634 190634
190635 190635
190701 190701
190702 190702
190703 190703
190704 190704
190705 190705
190706 190706
190707 190707
190708 190708
190709 190709
190710 190710
190711 190711
190712 190712
190713 190713
190714 190714
190715 190715
190716 190716
190717 190717
190718 190718
190719 190719
190720 190720
190721 190721
190722 190722
190723 190723
190724 190724
190725 190725
190726 190726
190727 190727
190728 190728
190729 190729
190730 190730
190731 190731
190732 190732
190733 190733
190734 190734
190735 190735
190736 190736
190737 190737
190801 190801
190802 190802
190803 190803
190804 190804
190805 190805
190806 190806
190807 190807
190808 190808
190809 190809
190810 190810
190811 190811
190812 190812
190813 190813
190814 190814
190815 190815
190816 190816
190817 190817
190818 190818
190819 190819
190820 190820
190821 190821
190822 190822
190823 190823
190824 190824
190825 190825
190826 190826
190827 190827
190828 190828
190829 190829
190830 190830
190831 190831
190832 190832
190833 190833
190834 190834
190835 190835
190836 190836
190901 190901
190902 190902
190903 190903
190904 190904
190905 190905
190906 190906
190907 190907
190908 190908
190909 190909
190910 190910
190911 190911
190912 190912
190913 190913
190914 190914
190915 190915
190916 190916
190917 190917
190918 190918
190919 190919
190920 190920
190921 190921
190922 190922
190923 190923
190924 190924
190925 190925
190926 190926
190927 190927
190928 190928
190929 190929
190930 190930
190931 190931
190932 190932
190933 190933
191001 191001
191002 191002
191003 191003
191004 191004
191005 191005
191006 191006
191007 191007
191008 191008
191009 191009
191010 191010
191011 191011
191012 191012
191013 191013
191014 191014
191015 191015
191016 191016
191017 191017
191018 191018
191019 191019
191020 191020
191021 191021
191022 191022
191023 191023
191024 191024
191025 191025
191026 191026
191027 191027
191028 191028
191029 191029
191030 191030
191031 191031
191032 191032
191033 191033
191034 191034
191035 191035
191036 191036
191037 191037
191038 191038
191101 191101
191102 191102
191103 191103
191104 191104
191105 191105
191106 191106
191107 191107
191108 191108
191109 191109
191110 191110
191111 191111
191112 191112
191113 191113
191114 191114
191115 191115
191116 191116
191117 191117
191118 191118
191119 191119
191120 191120
191121 191121
191122 191122
191123 191123
191124 191124
191125 191125
191126 191126
191127 191127
191128 191128
191129 191129
191130 191130
191131 191131
191132 191132
191133 191133
191134 191134
191135 191135
191136 191136
191201 191201
191202 191202
191203 191203
191204 191204
191205 191205
191206 191206
191207 191207
191208 191208
191209 191209
191210 191210
191211 191211
191212 191212
191213 191213
191214 191214
191215 191215
191216 191216
191217 191217
191218 191218
191219 191219
191220 191220
191221 191221
191222 191222
191223 191223
191224 191224
191225 191225
191226 191226
191227 191227
191228 191228
191229 191229
191230 191230
191231 191231
191232 191232
191233 191233
191234 191234
191235 191235
191236 191236
191237 191237
191238 191238
191301 191301
191302 191302
191303 191303
191304 191304
191305 191305
191306 191306
191307 191307
191308 191308
191309 191309
191310 191310
191311 191311
191312 191312
191313 191313
191314 191314
191315 191315
191316 191316
191317 191317
191318 191318
191319 191319
191320 191320
191321 191321
191322 191322
191323 191323
191324 191324
191325 191325
191326 191326
191327 191327
191328 191328
191329 191329
191330 191330
191331 191331
191332 191332
191333 191333
191334 191334
191335 191335
191336 191336
191337 191337
191338 191338
191339 191339
191340 191340
191401 191401
191402 191402
191403 191403
191404 191404
191405 191405
191406 191406
191407 191407
191408 191408
191409 191409
191410 191410
191411 191411
191412 191412
191413 191413
191414 191414
191415 191415
191416 191416
191417 191417
191418 191418
191419 191419
191420 191420
191421 191421
191422 191422
191423 191423
191424 191424
191425 191425
191426 191426
191427 191427
191428 191428
191429 191429
191430 191430
191431 191431
191432 191432
191501 191501
191502 191502
191503 191503
191504 191504
191505 191505
191506 191506
191507 191507
191508 191508
191509 191509
191510 191510
191511 191511
191512 191512
191513 191513
191514 191514
191515 191515
191516 191516
191517 191517
191518 191518
191519 191519
191520 191520
191521 191521
191522 191522
191523 191523
191524 191524
191525 191525
191526 191526
191527 191527
191528 191528
191529 191529
191530 191530
191531 191531
191532 191532
191533 191533
191534 191534
191535 191535
191536 191536
191601 191601
191602 191602
191603 191603
191604 191604
191605 191605
191606 191606
191607 191607
191608 191608
191609 191609
191610 191610
191611 191611
191612 191612
191613 191613
191614 191614
191615 191615
191616 191616
191617 191617
191618 191618
191619 191619
191620 191620
191621 191621
191622 191622
191623 191623
191624 191624
191625 191625
191626 191626
191627 191627
191628 191628
191629 191629
191630 191630
191631 191631
191632 191632
180101 180101
180102 180102
180103 180103
180104 180104
180105 180105
180106 180106
180107 180107
180108 180108
180109 180109
180110 180110
180111 180111
180112 180112
180113 180113
180114 180114
180115 180115
180116 180116
180117 180117
180118 180118
180119 180119
180120 180120
180121 180121
180122 180122
180123 180123
180124 180124
180125 180125
180126 180126
180127 180127
180128 180128
180129 180129
180130 180130
180131 180131
180132 180132
180133 180133
180134 180134
180201 180201
180202 180202
180203 180203
180204 180204
180205 180205
180206 180206
180207 180207
180208 180208
180209 180209
180210 180210
180211 180211
180212 180212
180213 180213
180214 180214
180215 180215
180216 180216
180217 180217
180218 180218
180219 180219
180220 180220
180221 180221
180222 180222
180223 180223
180224 180224
180225 180225
180226 180226
180227 180227
180228 180228
180229 180229
180230 180230
180231 180231
180232 180232
180233 180233
180234 180234
180235 180235
180236 180236
180237 180237
180301 180301
180302 180302
180303 180303
180304 180304
180305 180305
180306 180306
180307 180307
180308 180308
180309 180309
180310 180310
180311 180311
180312 180312
180313 180313
180314 180314
180315 180315
180316 180316
180317 180317
180318 180318
180319 180319
180320 180320
180321 180321
180322 180322
180323 180323
180324 180324
180325 180325
180326 180326
180327 180327
180328 180328
180329 180329
180330 180330
180331 180331
180332 180332
180333 180333
180334 180334
180401 180401
180402 180402
180403 180403
180404 180404
180405 180405
180406 180406
180407 180407
180408 180408
180409 180409
180410 180410
180411 180411
180412 180412
180413 180413
180414 180414
180415 180415
180416 180416
180417 180417
180418 180418
180419 180419
180420 180420
180421 180421
180422 180422
180423 180423
180424 180424
180425 180425
180426 180426
180427 180427
180428 180428
180429 180429
180430 180430
180431 180431
180432 180432
180433 180433
180434 180434
180435 180435
180501 180501
180502 180502
180503 180503
180504 180504
180505 180505
180506 180506
180507 180507
180508 180508
180509 180509
180510 180510
180511 180511
180512 180512
180513 180513
180514 180514
180515 180515
180516 180516
180517 180517
180518 180518
180519 180519
180520 180520
180521 180521
180522 180522
180523 180523
180524 180524
180525 180525
180526 180526
180527 180527
180528 180528
180529 180529
180530 180530
180531 180531
180532 180532
180533 180533
180534 180534
180535 180535
180536 180536
180537 180537
180538 180538
180601 180601
180602 180602
180603 180603
180604 180604
180605 180605
180606 180606
180607 180607
180608 180608
180609 180609
180610 180610
180611 180611
180612 180612
180613 180613
180614 180614
180615 180615
180616 180616
180617 180617
180618 180618
180619 180619
180620 180620
180621 180621
180622 180622
180623 180623
180624 180624
180625 180625
180626 180626
180627 180627
180628 180628
180629 180629
180630 180630
180631 180631
180632 180632
180633 180633
180634 180634
180635 180635
180701 180701
180702 180702
180703 180703
180704 180704
180705 180705
180706 180706
180707 180707
180708 180708
180709 180709
180710 180710
180711 180711
180712 180712
180713 180713
180714 180714
180715 180715
180716 180716
180717 180717
180718 180718
180719 180719
180720 180720
180721 180721
180722 180722
180723 180723
180724 180724
180725 180725
180726 180726
180727 180727
180728 180728
180729 180729
180730 180730
180731 180731
180732 180732
180733 180733
180734 180734
180735 180735
180736 180736
180737 180737
180801 180801
180802 180802
180803 180803
180804 180804
180805 180805
180806 180806
180807 180807
180808 180808
180809 180809
180810 180810
180811 180811
180812 180812
180813 180813
180814 180814
180815 180815
180816 180816
180817 180817
180818 180818
180819 180819
180820 180820
180821 180821
180822 180822
180823 180823
180824 180824
180825 180825
180826 180826
180827 180827
180828 180828
180829 180829
180830 180830
180831 180831
180832 180832
180833 180833
180834 180834
180835 180835
180836 180836
180901 180901
180902 180902
180903 180903
180904 180904
180905 180905
180906 180906
180907 180907
180908 180908
180909 180909
180910 180910
180911 180911
180912 180912
180913 180913
180914 180914
180915 180915
180916 180916
180917 180917
180918 180918
180919 180919
180920 180920
180921 180921
180922 180922
180923 180923
180924 180924
180925 180925
180926 180926
180927 180927
180928 180928
180929 180929
180930 180930
180931 180931
180932 180932
180933 180933
181001 181001
181002 181002
181003 181003
181004 181004
181005 181005
181006 181006
181007 181007
181008 181008
181009 181009
181010 181010
181011 181011
181012 181012
181013 181013
181014 181014
181015 181015
181016 181016
181017 181017
181018 181018
181019 181019
181020 181020
181021 181021
181022 181022
181023 181023
181024 181024
181025 181025
181026 181026
181027 181027
181028 181028
181029 181029
181030 181030
181031 181031
181032 181032
181033 181033
181034 181034
181035 181035
181036 181036
181037 181037
181038 181038
181101 181101
181102 181102
181103 181103
181104 181104
181105 181105
181106 181106
181107 181107
181108 181108
181109 181109
181110 181110
181111 181111
181112 181112
181113 181113
181114 181114
181115 181115
181116 181116
181117 181117
181118 181118
181119 181119
181120 181120
181121 181121
181122 181122
181123 181123
181124 181124
181125 181125
181126 181126
181127 181127
181128 181128
181129 181129
181130 181130
181131 181131
181132 181132
181133 181133
181134 181134
181135 181135
181136 181136
181201 181201
181202 181202
181203 181203
181204 181204
181205 181205
181206 181206
181207 181207
181208 181208
181209 181209
181210 181210
181211 181211
181212 181212
181213 181213
181214 181214
181215 181215
181216 181216
181217 181217
181218 181218
181219 181219
181220 181220
181221 181221
181222 181222
181223 181223
181224 181224
181225 181225
181226 181226
181227 181227
181228 181228
181229 181229
181230 181230
181231 181231
181232 181232
181233 181233
181234 181234
181235 181235
181236 181236
181237 181237
181238 181238
181301 181301
181302 181302
181303 181303
181304 181304
181305 181305
181306 181306
181307 181307
181308 181308
181309 181309
181310 181310
181311 181311
181312 181312
181313 181313
181314 181314
181315 181315
181316 181316
181317 181317
181318 181318
181319 181319
181320 181320
181321 181321
181322 181322
181323 181323
181324 181324
181325 181325
181326 181326
181327 181327
181328 181328
181329 181329
181330 181330
181331 181331
181332 181332
181333 181333
181334 181334
181335 181335
181336 181336
181337 181337
181338 181338
181339 181339
181340 181340
181401 181401
181402 181402
181403 181403
181404 181404
181405 181405
181406 181406
181407 181407
181408 181408
181409 181409
181410 181410
181411 181411
181412 181412
181413 181413
181414 181414
181415 181415
181416 181416
181417 181417
181418 181418
181419 181419
181420 181420
181421 181421
181422 181422
181423 181423
181424 181424
181425 181425
181426 181426
181427 181427
181428 181428
181429 181429
181430 181430
181431 181431
181432 181432
181501 181501
181502 181502
181503 181503
181504 181504
181505 181505
181506 181506
181507 181507
181508 181508
181509 181509
181510 181510
181511 181511
181512 181512
181513 181513
181514 181514
181515 181515
181516 181516
181517 181517
181518 181518
181519 181519
181520 181520
181521 181521
181522 181522
181523 181523
181524 181524
181525 181525
181526 181526
181527 181527
181528 181528
181529 181529
181530 181530
181531 181531
181532 181532
181533 181533
181534 181534
181535 181535
181536 181536
181601 181601
181602 181602
181603 181603
181604 181604
181605 181605
181606 181606
181607 181607
181608 181608
181609 181609
181610 181610
181611 181611
181612 181612
181613 181613
181614 181614
181615 181615
181616 181616
181617 181617
181618 181618
181619 181619
181620 181620
181621 181621
181622 181622
181623 181623
181624 181624
181625 181625
181626 181626
181627 181627
181628 181628
181629 181629
181630 181630
181631 181631
181632 181632
